input/newpatchfromoldpatch.asc
NCOLS 406 
NROWS 256 
XLLCORNER 301413.09 
YLLCORNER 5677998.2720308 
CELLSIZE 160 
NODATA_value -2 
[rows 49 to 97 of 256, columns 0 to 95 of 406]
0 0 0 0 0 0 0 0 0 0 0 0 0 0 0 0 0 0 0 0 26 26 26 33 33 33 33 41 41 41 47 47 47 54 54 54 59 59 59 66 66 66 73 73 73 81 81 81 90 90 90 90 99 99 99 106 106 106 115 115 115 122 122 122 130 130 130 136 136 136 142 142 142 148 148 148 148 0 0 0 0 0 0 0 0 0 174 174 174 0 0 0 193 193 193 0
0 0 0 0 0 0 0 0 0 0 0 0 0 0 0 0 0 0 0 0 0 0 33 33 33 33 33 33 47 47 47 47 47 47 59 59 59 59 59 59 59 73 73 73 73 73 73 90 90 90 90 90 90 106 106 106 106 106 106 122 122 122 122 122 122 122 136 136 136 136 136 136 148 148 148 148 148 148 0 0 0 0 0 0 174 174 174 174 174 174 174 193 193 193 193 193
0 0 0 0 0 0 0 0 0 0 0 0 0 0 0 0 0 0 0 0 0 0 33 33 33 33 33 33 47 47 47 47 47 47 59 59 59 59 59 59 59 73 73 73 73 73 73 90 90 90 90 90 90 106 106 106 106 106 106 122 122 122 122 122 122 122 136 136 136 136 136 136 148 148 148 148 148 148 0 0 0 0 0 0 174 174 174 174 174 174 174 193 193 193 193 193
0 0 0 0 0 0 0 0 0 0 0 0 0 0 0 0 0 0 0 0 0 0 33 33 33 33 33 33 47 47 47 47 47 47 59 59 59 59 59 59 59 73 73 73 73 73 73 90 90 90 90 90 90 106 106 106 106 106 106 122 122 122 122 122 122 122 136 136 136 136 136 136 148 148 148 148 148 148 0 0 0 0 0 0 174 174 174 174 174 174 174 193 193 193 193 193
0 0 0 0 0 0 0 0 0 0 0 0 0 0 0 0 0 0 0 0 0 0 33 33 33 33 33 33 47 47 47 47 47 47 59 59 59 59 59 59 59 73 73 73 73 73 73 90 90 90 90 90 90 106 106 106 106 106 106 122 122 122 122 122 122 122 136 136 136 136 136 136 148 148 148 148 148 148 0 0 0 0 0 0 174 174 174 174 174 174 174 193 193 193 193 193
0 0 0 0 0 0 0 0 0 0 0 0 0 0 0 0 0 0 0 0 0 25 25 33 33 33 33 40 40 47 47 47 47 53 53 59 59 59 59 59 65 65 73 73 73 73 80 80 90 90 90 90 98 98 106 106 106 106 114 114 122 122 122 122 122 0 0 136 136 136 136 0 0 148 148 148 148 154 154 0 0 0 0 166 166 174 174 174 174 174 184 184 193 193 193 193
0 0 0 0 0 0 0 0 0 0 0 0 0 0 0 0 0 0 0 25 25 25 25 25 25 40 40 40 40 40 40 47 53 53 53 53 53 59 65 65 65 65 65 73 80 80 80 80 80 80 98 98 98 98 98 98 106 114 114 114 114 114 122 0 0 0 0 0 136 0 0 0 0 0 0 154 154 154 154 154 154 0 166 166 166 166 166 174 184 184 184 184 184 193 200 200
0 0 0 0 0 0 0 0 0 0 0 0 0 0 0 0 0 0 0 25 25 25 25 25 25 40 40 40 40 40 40 53 53 53 53 53 53 53 65 65 65 65 65 65 80 80 80 80 80 80 98 98 98 98 98 98 114 114 114 114 114 114 114 0 0 0 0 0 0 0 0 0 0 0 0 154 154 154 154 154 154 166 166 166 166 166 166 166 184 184 184 184 184 184 200 200
0 0 0 0 0 0 0 0 0 0 0 0 0 0 0 0 0 0 0 25 25 25 25 25 25 40 40 40 40 40 40 53 53 53 53 53 53 53 65 65 65 65 65 65 80 80 80 80 80 80 98 98 98 98 98 98 114 114 114 114 114 114 114 0 0 0 0 0 0 0 0 0 0 0 0 154 154 154 154 154 154 166 166 166 166 166 166 166 184 184 184 184 184 184 200 200
0 0 0 0 0 0 0 0 0 0 0 0 0 0 0 0 0 0 0 25 25 25 25 25 25 40 40 40 40 40 40 53 53 53 53 53 53 53 65 65 65 65 65 65 80 80 80 80 80 80 98 98 98 98 98 98 114 114 114 114 114 114 114 0 0 0 0 0 0 0 0 0 0 0 0 154 154 154 154 154 154 166 166 166 166 166 166 166 184 184 184 184 184 184 200 200
0 0 0 0 0 0 0 0 0 0 0 0 0 0 0 0 0 0 0 25 25 25 25 25 25 40 40 40 40 40 40 46 53 53 53 53 53 58 65 65 65 65 65 72 80 80 80 80 80 80 98 98 98 98 98 98 105 114 114 114 114 114 121 0 0 0 0 0 135 0 0 0 0 0 0 154 154 154 154 154 154 158 166 166 166 166 166 173 184 184 184 184 184 192 200 200
0 0 0 0 0 0 0 0 0 0 0 0 0 0 0 0 0 0 0 0 0 25 25 32 32 32 32 40 40 46 46 46 46 53 53 58 58 58 58 58 65 65 72 72 72 72 80 80 89 89 89 89 98 98 105 105 105 105 114 114 121 121 121 121 121 0 0 135 135 135 135 0 0 147 147 147 147 154 154 158 158 158 158 166 166 173 173 173 173 173 184 184 192 192 192 192
0 0 0 0 0 0 0 0 0 0 0 0 0 0 0 0 0 0 0 0 0 0 32 32 32 32 32 32 46 46 46 46 46 46 58 58 58 58 58 58 58 72 72 72 72 72 72 89 89 89 89 89 89 105 105 105 105 105 105 121 121 121 121 121 121 121 135 135 135 135 135 135 147 147 147 147 147 147 158 158 158 158 158 158 173 173 173 173 173 173 173 192 192 192 192 192
0 0 0 0 0 0 0 0 0 0 0 0 0 0 0 0 0 0 0 0 0 0 32 32 32 32 32 32 46 46 46 46 46 46 58 58 58 58 58 58 58 72 72 72 72 72 72 89 89 89 89 89 89 105 105 105 105 105 105 121 121 121 121 121 121 121 135 135 135 135 135 135 147 147 147 147 147 147 158 158 158 158 158 158 173 173 173 173 173 173 173 192 192 192 192 192
0 0 0 0 0 0 0 0 0 0 0 0 0 0 0 0 0 0 0 0 0 0 32 32 32 32 32 32 46 46 46 46 46 46 58 58 58 58 58 58 58 72 72 72 72 72 72 89 89 89 89 89 89 105 105 105 105 105 105 121 121 121 121 121 121 121 135 135 135 135 135 135 147 147 147 147 147 147 158 158 158 158 158 158 173 173 173 173 173 173 173 192 192 192 192 192
0 0 0 0 0 0 0 0 0 0 0 0 0 0 0 0 0 0 0 0 0 0 32 32 32 32 32 32 46 46 46 46 46 46 58 58 58 58 58 58 58 72 72 72 72 72 72 89 89 89 89 89 89 105 105 105 105 105 105 121 121 121 121 121 121 121 135 135 135 135 135 135 147 147 147 147 147 147 158 158 158 158 158 158 173 173 173 173 173 173 173 192 192 192 192 192
0 0 0 0 0 0 0 0 0 0 0 0 0 0 0 0 0 0 0 0 0 0 0 32 32 32 32 39 39 46 46 46 46 52 52 52 58 58 58 64 64 64 72 72 72 72 79 79 89 89 89 89 97 97 105 105 105 105 113 113 113 121 121 121 129 129 129 135 135 135 135 141 141 147 147 147 147 153 153 158 158 158 158 165 165 165 173 173 173 183 183 183 192 192 192 192
0 0 0 0 0 0 0 0 0 0 0 0 0 0 0 0 0 0 0 0 0 0 0 0 0 39 39 39 39 39 39 52 52 52 52 52 52 58 64 64 64 64 64 64 79 79 79 79 79 79 97 97 97 97 97 97 113 113 113 113 113 113 121 129 129 129 129 129 129 141 141 141 141 141 141 153 153 153 153 153 153 165 165 165 165 165 165 173 183 183 183 183 183 183 199 199
0 0 0 0 0 0 0 0 0 0 0 0 0 0 0 0 0 0 0 0 0 0 0 0 0 39 39 39 39 39 39 52 52 52 52 52 52 52 64 64 64 64 64 64 79 79 79 79 79 79 97 97 97 97 97 97 113 113 113 113 113 113 113 129 129 129 129 129 129 141 141 141 141 141 141 153 153 153 153 153 153 165 165 165 165 165 165 165 183 183 183 183 183 183 199 199
0 0 0 0 0 0 0 0 0 0 0 0 0 0 0 0 0 0 0 0 0 0 0 0 0 39 39 39 39 39 39 52 52 52 52 52 52 52 64 64 64 64 64 64 79 79 79 79 79 79 97 97 97 97 97 97 113 113 113 113 113 113 113 129 129 129 129 129 129 141 141 141 141 141 141 153 153 153 153 153 153 165 165 165 165 165 165 165 183 183 183 183 183 183 199 199
0 0 0 0 0 0 0 0 0 0 0 0 0 0 0 0 0 0 0 0 0 0 0 0 0 39 39 39 39 39 39 52 52 52 52 52 52 52 64 64 64 64 64 64 79 79 79 79 79 79 97 97 97 97 97 97 113 113 113 113 113 113 113 129 129 129 129 129 129 141 141 141 141 141 141 153 153 153 153 153 153 165 165 165 165 165 165 165 183 183 183 183 183 183 199 199
0 0 0 0 0 0 0 0 0 0 0 0 11 0 0 0 0 0 20 0 0 0 0 0 31 31 39 39 39 39 39 45 52 52 52 52 52 57 64 64 64 64 64 71 79 79 79 79 79 88 88 97 97 97 97 97 104 113 113 113 113 113 120 129 129 129 129 129 0 141 141 141 141 141 0 0 153 153 153 153 153 157 165 165 165 165 165 172 183 183 183 183 183 191 199 199
0 0 0 0 0 0 0 0 0 0 11 11 11 11 11 0 20 20 20 20 20 0 0 31 31 31 31 39 39 45 45 45 45 45 52 57 57 57 57 57 64 71 71 71 71 71 79 79 88 88 88 88 97 97 104 104 104 104 104 113 120 120 120 120 120 129 0 0 0 0 0 141 141 0 0 0 0 153 153 157 157 157 157 157 165 172 172 172 172 172 183 191 191 191 191 191
0 0 0 0 0 0 0 0 0 11 11 11 11 11 11 11 20 20 20 20 20 20 31 31 31 31 31 31 45 45 45 45 45 45 57 57 57 57 57 57 57 71 71 71 71 71 71 88 88 88 88 88 88 104 104 104 104 104 104 120 120 120 120 120 120 120 0 0 0 0 0 0 0 0 0 0 0 0 157 157 157 157 157 157 172 172 172 172 172 172 172 191 191 191 191 191
0 0 0 0 0 0 0 0 0 11 11 11 11 11 11 11 20 20 20 20 20 20 31 31 31 31 31 31 45 45 45 45 45 45 57 57 57 57 57 57 57 71 71 71 71 71 71 88 88 88 88 88 88 104 104 104 104 104 104 120 120 120 120 120 120 120 0 0 0 0 0 0 0 0 0 0 0 0 157 157 157 157 157 157 172 172 172 172 172 172 172 191 191 191 191 191
0 0 0 0 0 0 0 0 0 11 11 11 11 11 11 11 20 20 20 20 20 20 31 31 31 31 31 31 45 45 45 45 45 45 57 57 57 57 57 57 57 71 71 71 71 71 71 88 88 88 88 88 88 104 104 104 104 104 104 120 120 120 120 120 120 120 0 0 0 0 0 0 0 0 0 0 0 0 157 157 157 157 157 157 172 172 172 172 172 172 172 191 191 191 191 191
0 0 0 0 0 0 0 0 0 11 11 11 11 11 11 11 20 20 20 20 20 20 31 31 31 31 31 31 45 45 45 45 45 45 57 57 57 57 57 57 57 71 71 71 71 71 71 88 88 88 88 88 88 104 104 104 104 104 104 120 120 120 120 120 120 120 0 0 0 0 0 0 0 0 0 0 0 0 157 157 157 157 157 157 172 172 172 172 172 172 172 191 191 191 191 191
0 0 0 0 0 0 0 0 0 0 0 11 11 11 15 15 15 20 20 20 24 24 24 31 31 31 31 38 38 38 45 45 45 51 51 51 57 57 57 63 63 63 71 71 71 78 78 78 88 88 88 88 96 96 96 104 104 104 112 112 112 120 120 120 128 128 128 0 0 0 0 0 0 0 0 0 0 0 0 0 157 157 157 164 164 164 172 172 172 182 182 182 191 191 191 0
0 0 0 0 0 0 0 0 0 0 0 0 15 15 15 15 15 15 15 24 24 24 24 24 24 38 38 38 38 38 38 51 51 51 51 51 51 51 63 63 63 63 63 63 78 78 78 78 78 78 96 96 96 96 96 96 112 112 112 112 112 112 112 128 128 128 128 128 128 0 0 0 0 0 0 0 0 0 0 0 0 164 164 164 164 164 164 164 182 182 182 182 182 182 0 0
0 0 0 0 0 0 0 0 0 0 0 0 15 15 15 15 15 15 15 24 24 24 24 24 24 38 38 38 38 38 38 51 51 51 51 51 51 51 63 63 63 63 63 63 78 78 78 78 78 78 96 96 96 96 96 96 112 112 112 112 112 112 112 128 128 128 128 128 128 0 0 0 0 0 0 0 0 0 0 0 0 164 164 164 164 164 164 164 182 182 182 182 182 182 0 0
0 0 0 0 0 0 0 0 0 0 0 0 15 15 15 15 15 15 15 24 24 24 24 24 24 38 38 38 38 38 38 51 51 51 51 51 51 51 63 63 63 63 63 63 78 78 78 78 78 78 96 96 96 96 96 96 112 112 112 112 112 112 112 128 128 128 128 128 128 0 0 0 0 0 0 0 0 0 0 0 0 164 164 164 164 164 164 164 182 182 182 182 182 182 0 0
0 0 0 0 0 0 0 0 0 0 0 0 15 15 15 15 15 15 15 24 24 24 24 24 24 38 38 38 38 38 38 51 51 51 51 51 51 51 63 63 63 63 63 63 78 78 78 78 78 78 96 96 96 96 96 96 112 112 112 112 112 112 112 128 128 128 128 128 128 0 0 0 0 0 0 0 0 0 0 0 0 164 164 164 164 164 164 164 182 182 182 182 182 182 0 0
0 0 0 0 0 5 5 0 0 0 0 0 10 15 15 15 15 15 19 19 24 24 24 24 30 30 38 38 38 38 0 0 51 51 51 51 51 56 63 63 63 63 63 70 70 78 78 78 78 87 87 96 96 96 96 103 103 112 112 112 112 112 119 128 128 128 128 128 134 134 0 0 0 0 0 0 0 0 0 0 156 156 164 164 164 164 164 171 182 182 182 182 182 190 190 0
0 0 0 0 5 5 5 5 5 0 10 10 10 10 10 15 19 19 19 19 19 24 30 30 30 30 30 30 38 0 0 0 0 0 51 56 56 56 56 56 63 70 70 70 70 70 78 87 87 87 87 87 87 96 103 103 103 103 103 112 119 119 119 119 119 128 134 134 134 134 134 0 0 0 0 0 0 0 0 156 156 156 156 156 164 171 171 171 171 171 182 190 190 190 190 190
0 0 0 5 5 5 5 5 5 10 10 10 10 10 10 10 19 19 19 19 19 19 30 30 30 30 30 30 0 0 0 0 0 0 56 56 56 56 56 56 56 70 70 70 70 70 70 87 87 87 87 87 87 103 103 103 103 103 103 119 119 119 119 119 119 119 134 134 134 134 134 134 0 0 0 0 0 0 156 156 156 156 156 156 171 171 171 171 171 171 171 190 190 190 190 190
0 0 0 5 5 5 5 5 5 10 10 10 10 10 10 10 19 19 19 19 19 19 30 30 30 30 30 30 0 0 0 0 0 0 56 56 56 56 56 56 56 70 70 70 70 70 70 87 87 87 87 87 87 103 103 103 103 103 103 119 119 119 119 119 119 119 134 134 134 134 134 134 0 0 0 0 0 0 156 156 156 156 156 156 171 171 171 171 171 171 171 190 190 190 190 190
0 0 0 5 5 5 5 5 5 10 10 10 10 10 10 10 19 19 19 19 19 19 30 30 30 30 30 30 0 0 0 0 0 0 56 56 56 56 56 56 56 70 70 70 70 70 70 87 87 87 87 87 87 103 103 103 103 103 103 119 119 119 119 119 119 119 134 134 134 134 134 134 0 0 0 0 0 0 156 156 156 156 156 156 171 171 171 171 171 171 171 190 190 190 190 190
0 0 0 5 5 5 5 5 5 7 10 10 10 10 10 14 19 19 19 19 19 19 30 30 30 30 30 30 0 0 0 0 0 0 50 56 56 56 56 56 62 70 70 70 70 70 70 87 87 87 87 87 87 103 103 103 103 103 103 111 119 119 119 119 119 127 134 134 134 134 134 134 0 0 0 0 0 0 156 156 156 156 156 156 163 171 171 171 171 171 181 190 190 190 190 190
0 2 2 2 2 5 5 7 7 7 7 10 10 10 14 14 14 14 19 19 23 23 23 23 30 30 37 37 37 37 0 0 50 50 50 50 56 56 56 62 62 62 62 70 70 77 77 77 77 87 87 95 95 95 95 103 103 111 111 111 111 119 119 119 127 127 127 127 134 134 140 140 140 140 0 0 152 152 152 152 156 156 163 163 163 163 171 171 171 181 181 181 181 190 190 198
2 2 2 2 2 2 7 7 7 7 7 7 7 14 14 14 14 14 14 23 23 23 23 23 23 37 37 37 37 37 37 50 50 50 50 50 50 50 62 62 62 62 62 62 77 77 77 77 77 77 95 95 95 95 95 95 111 111 111 111 111 111 111 127 127 127 127 127 127 140 140 140 140 140 140 152 152 152 152 152 152 163 163 163 163 163 163 163 181 181 181 181 181 181 198 198
2 2 2 2 2 2 7 7 7 7 7 7 7 14 14 14 14 14 14 23 23 23 23 23 23 37 37 37 37 37 37 50 50 50 50 50 50 50 62 62 62 62 62 62 77 77 77 77 77 77 95 95 95 95 95 95 111 111 111 111 111 111 111 127 127 127 127 127 127 140 140 140 140 140 140 152 152 152 152 152 152 163 163 163 163 163 163 163 181 181 181 181 181 181 198 198
2 2 2 2 2 2 7 7 7 7 7 7 7 14 14 14 14 14 14 23 23 23 23 23 23 37 37 37 37 37 37 50 50 50 50 50 50 50 62 62 62 62 62 62 77 77 77 77 77 77 95 95 95 95 95 95 111 111 111 111 111 111 111 127 127 127 127 127 127 140 140 140 140 140 140 152 152 152 152 152 152 163 163 163 163 163 163 163 181 181 181 181 181 181 198 198
2 2 2 2 2 2 7 7 7 7 7 7 7 14 14 14 14 14 14 23 23 23 23 23 23 37 37 37 37 37 37 50 50 50 50 50 50 50 62 62 62 62 62 62 77 77 77 77 77 77 95 95 95 95 95 95 111 111 111 111 111 111 111 127 127 127 127 127 127 140 140 140 140 140 140 152 152 152 152 152 152 163 163 163 163 163 163 163 181 181 181 181 181 181 198 198
0 2 2 2 2 4 4 7 7 7 7 9 9 9 14 14 14 14 18 18 23 23 23 23 29 29 37 37 37 37 44 44 50 50 50 50 0 0 0 62 62 62 62 69 69 77 77 77 77 86 86 95 95 95 95 102 102 111 111 111 111 118 118 118 127 127 127 127 133 133 140 140 140 140 146 146 152 152 152 152 0 0 163 163 163 163 170 170 170 181 181 181 181 189 189 198
0 0 0 4 4 4 4 4 4 7 9 9 9 9 9 14 18 18 18 18 18 18 29 29 29 29 29 29 44 44 44 44 44 44 50 0 0 0 0 0 62 69 69 69 69 69 69 86 86 86 86 86 86 102 102 102 102 102 102 111 118 118 118 118 118 127 133 133 133 133 133 133 146 146 146 146 146 146 0 0 0 0 0 0 163 170 170 170 170 170 181 189 189 189 189 189
0 0 0 4 4 4 4 4 4 9 9 9 9 9 9 9 18 18 18 18 18 18 29 29 29 29 29 29 44 44 44 44 44 44 0 0 0 0 0 0 0 69 69 69 69 69 69 86 86 86 86 86 86 102 102 102 102 102 102 118 118 118 118 118 118 118 133 133 133 133 133 133 146 146 146 146 146 146 0 0 0 0 0 0 170 170 170 170 170 170 170 189 189 189 189 189
0 0 0 4 4 4 4 4 4 9 9 9 9 9 9 9 18 18 18 18 18 18 29 29 29 29 29 29 44 44 44 44 44 44 0 0 0 0 0 0 0 69 69 69 69 69 69 86 86 86 86 86 86 102 102 102 102 102 102 118 118 118 118 118 118 118 133 133 133 133 133 133 146 146 146 146 146 146 0 0 0 0 0 0 170 170 170 170 170 170 170 189 189 189 189 189
0 0 0 4 4 4 4 4 4 9 9 9 9 9 9 9 18 18 18 18 18 18 29 29 29 29 29 29 44 44 44 44 44 44 0 0 0 0 0 0 0 69 69 69 69 69 69 86 86 86 86 86 86 102 102 102 102 102 102 118 118 118 118 118 118 118 133 133 133 133 133 133 146 146 146 146 146 146 0 0 0 0 0 0 170 170 170 170 170 170 170 189 189 189 189 189
0 0 0 1 4 4 4 4 4 6 9 9 9 9 9 13 18 18 18 18 18 22 29 29 29 29 29 29 36 44 44 44 44 44 0 0 0 0 0 0 0 69 69 69 69 69 76 86 86 86 86 86 86 94 102 102 102 102 102 110 118 118 118 118 118 126 133 133 133 133 133 0 146 146 146 146 146 146 0 0 0 0 0 0 0 170 170 170 170 170 180 189 189 189 189 189
