input/newpatchfromoldpatch.asc
NCOLS 406 
NROWS 256 
XLLCORNER 301413.09 
YLLCORNER 5677998.2720308 
CELLSIZE 160 
NODATA_value -2 
[rows 147 to 195 of 256, columns 288 to 383 of 406]
879 879 890 900 900 900 900 900 910 919 919 919 919 919 919 929 938 938 938 938 938 949 957 957 957 957 957 0 977 977 977 977 977 989 1000 1000 1000 1000 1000 1000 1012 1022 1022 1022 1022 1022 1035 1047 1047 1047 1047 1047 1058 1069 1069 1069 1069 1069 1081 1093 1093 1093 1093 1093 1093 1105 1116 1116 1116 1116 1116 1129 1141 1141 1141 1141 1141 1152 1164 1164 1164 1164 1164 1175 1185 1185 1185 1185 1185 1185 1197 1208 1208 1208 1208 1208
879 879 879 900 900 900 900 900 900 919 919 919 919 919 919 938 938 938 938 938 938 957 957 957 957 957 957 957 977 977 977 977 977 977 1000 1000 1000 1000 1000 1000 1022 1022 1022 1022 1022 1022 1047 1047 1047 1047 1047 1047 1047 1069 1069 1069 1069 1069 1069 1093 1093 1093 1093 1093 1093 1116 1116 1116 1116 1116 1116 1141 1141 1141 1141 1141 1141 1141 1164 1164 1164 1164 1164 1164 1185 1185 1185 1185 1185 1185 1208 1208 1208 1208 1208 1208
879 879 879 900 900 900 900 900 900 919 919 919 919 919 919 938 938 938 938 938 938 957 957 957 957 957 957 957 977 977 977 977 977 977 1000 1000 1000 1000 1000 1000 1022 1022 1022 1022 1022 1022 1047 1047 1047 1047 1047 1047 1047 1069 1069 1069 1069 1069 1069 1093 1093 1093 1093 1093 1093 1116 1116 1116 1116 1116 1116 1141 1141 1141 1141 1141 1141 1141 1164 1164 1164 1164 1164 1164 1185 1185 1185 1185 1185 1185 1208 1208 1208 1208 1208 1208
879 879 879 900 900 900 900 900 900 919 919 919 919 919 919 938 938 938 938 938 938 957 957 957 957 957 957 957 977 977 977 977 977 977 1000 1000 1000 1000 1000 1000 1022 1022 1022 1022 1022 1022 1047 1047 1047 1047 1047 1047 1047 1069 1069 1069 1069 1069 1069 1093 1093 1093 1093 1093 1093 1116 1116 1116 1116 1116 1116 1141 1141 1141 1141 1141 1141 1141 1164 1164 1164 1164 1164 1164 1185 1185 1185 1185 1185 1185 1208 1208 1208 1208 1208 1208
879 879 889 900 900 900 900 900 900 919 919 919 919 919 919 938 938 938 938 938 938 948 957 957 957 957 957 967 977 977 977 977 977 977 1000 1000 1000 1000 1000 1000 1022 1022 1022 1022 1022 1022 1034 1047 1047 1047 1047 1047 1057 1069 1069 1069 1069 1069 1069 1093 1093 1093 1093 1093 1093 1116 1116 1116 1116 1116 1116 1128 1141 1141 1141 1141 1141 1151 1164 1164 1164 1164 1164 1164 1185 1185 1185 1185 1185 1185 1208 1208 1208 1208 1208 1208
879 889 889 889 889 900 900 909 909 909 909 919 919 928 928 928 928 938 938 948 948 948 948 957 957 957 967 967 967 967 977 977 988 988 988 988 1000 1000 1011 1011 1011 1011 1022 1022 1034 1034 1034 1034 1047 1047 1047 1057 1057 1057 1057 1069 1069 1080 1080 1080 1080 1093 1093 1104 1104 1104 1104 1116 1116 1128 1128 1128 1128 1141 1141 1141 1151 1151 1151 1151 1164 1164 1174 1174 1174 1174 1185 1185 1196 1196 1196 1196 1208 1208 1219 1219
889 889 889 889 889 889 909 909 909 909 909 909 928 928 928 928 928 928 948 948 948 948 948 948 948 967 967 967 967 967 967 988 988 988 988 988 988 1011 1011 1011 1011 1011 1011 1034 1034 1034 1034 1034 1034 1034 1057 1057 1057 1057 1057 1057 1080 1080 1080 1080 1080 1080 1104 1104 1104 1104 1104 1104 1128 1128 1128 1128 1128 1128 1128 1151 1151 1151 1151 1151 1151 1174 1174 1174 1174 1174 1174 1196 1196 1196 1196 1196 1196 1219 1219 1219
889 889 889 889 889 889 909 909 909 909 909 909 928 928 928 928 928 928 948 948 948 948 948 948 948 967 967 967 967 967 967 988 988 988 988 988 988 1011 1011 1011 1011 1011 1011 1034 1034 1034 1034 1034 1034 1034 1057 1057 1057 1057 1057 1057 1080 1080 1080 1080 1080 1080 1104 1104 1104 1104 1104 1104 1128 1128 1128 1128 1128 1128 1128 1151 1151 1151 1151 1151 1151 1174 1174 1174 1174 1174 1174 1196 1196 1196 1196 1196 1196 1219 1219 1219
889 889 889 889 889 889 909 909 909 909 909 909 928 928 928 928 928 928 948 948 948 948 948 948 948 967 967 967 967 967 967 988 988 988 988 988 988 1011 1011 1011 1011 1011 1011 1034 1034 1034 1034 1034 1034 1034 1057 1057 1057 1057 1057 1057 1080 1080 1080 1080 1080 1080 1104 1104 1104 1104 1104 1104 1128 1128 1128 1128 1128 1128 1128 1151 1151 1151 1151 1151 1151 1174 1174 1174 1174 1174 1174 1196 1196 1196 1196 1196 1196 1219 1219 1219
889 889 889 889 889 889 909 909 909 909 909 909 928 928 928 928 928 928 948 948 948 948 948 948 948 967 967 967 967 967 967 988 988 988 988 988 988 1011 1011 1011 1011 1011 1011 1034 1034 1034 1034 1034 1034 1034 1057 1057 1057 1057 1057 1057 1080 1080 1080 1080 1080 1080 1104 1104 1104 1104 1104 1104 1128 1128 1128 1128 1128 1128 1128 1151 1151 1151 1151 1151 1151 1174 1174 1174 1174 1174 1174 1196 1196 1196 1196 1196 1196 1219 1219 1219
878 889 889 889 899 899 899 909 909 909 909 918 918 928 928 928 928 937 937 937 948 948 948 956 956 956 967 967 967 976 976 976 988 988 988 988 999 999 1011 1011 1011 1011 1021 1021 1021 1034 1034 1034 1046 1046 1046 1057 1057 1057 1068 1068 1068 1080 1080 1080 1080 1092 1092 1104 1104 1104 1104 1115 1115 1115 1128 1128 1128 1140 1140 1140 1151 1151 1151 1163 1163 1163 1174 1174 1174 1174 1184 1184 1196 1196 1196 1196 1207 1207 1207 1219
878 878 878 899 899 899 899 899 899 918 918 918 918 918 918 937 937 937 937 937 937 956 956 956 956 956 956 956 976 976 976 976 976 976 999 999 999 999 999 999 1021 1021 1021 1021 1021 1021 1046 1046 1046 1046 1046 1046 1046 1068 1068 1068 1068 1068 1068 1092 1092 1092 1092 1092 1092 1115 1115 1115 1115 1115 1115 1140 1140 1140 1140 1140 1140 1140 1163 1163 1163 1163 1163 1163 1184 1184 1184 1184 1184 1184 1207 1207 1207 1207 1207 1207
878 878 878 899 899 899 899 899 899 918 918 918 918 918 918 937 937 937 937 937 937 956 956 956 956 956 956 956 976 976 976 976 976 976 999 999 999 999 999 999 1021 1021 1021 1021 1021 1021 1046 1046 1046 1046 1046 1046 1046 1068 1068 1068 1068 1068 1068 1092 1092 1092 1092 1092 1092 1115 1115 1115 1115 1115 1115 1140 1140 1140 1140 1140 1140 1140 1163 1163 1163 1163 1163 1163 1184 1184 1184 1184 1184 1184 1207 1207 1207 1207 1207 1207
878 878 878 899 899 899 899 899 899 918 918 918 918 918 918 937 937 937 937 937 937 956 956 956 956 956 956 956 976 976 976 976 976 976 999 999 999 999 999 999 1021 1021 1021 1021 1021 1021 1046 1046 1046 1046 1046 1046 1046 1068 1068 1068 1068 1068 1068 1092 1092 1092 1092 1092 1092 1115 1115 1115 1115 1115 1115 1140 1140 1140 1140 1140 1140 1140 1163 1163 1163 1163 1163 1163 1184 1184 1184 1184 1184 1184 1207 1207 1207 1207 1207 1207
878 878 878 899 899 899 899 899 899 918 918 918 918 918 918 937 937 937 937 937 937 956 956 956 956 956 956 956 976 976 976 976 976 976 999 999 999 999 999 999 1021 1021 1021 1021 1021 1021 1046 1046 1046 1046 1046 1046 1046 1068 1068 1068 1068 1068 1068 1092 1092 1092 1092 1092 1092 1115 1115 1115 1115 1115 1115 1140 1140 1140 1140 1140 1140 1140 1163 1163 1163 1163 1163 1163 1184 1184 1184 1184 1184 1184 1207 1207 1207 1207 1207 1207
878 878 888 899 899 899 899 899 908 918 918 918 918 918 918 927 937 937 937 937 937 947 956 956 956 956 956 966 976 976 976 976 976 987 999 999 999 999 999 999 1010 1021 1021 1021 1021 1021 1033 1046 1046 1046 1046 1046 1056 1068 1068 1068 1068 1068 1079 1092 1092 1092 1092 1092 1092 1103 1115 1115 1115 1115 1115 1127 1140 1140 1140 1140 1140 0 1163 1163 1163 1163 1163 0 1184 1184 1184 1184 1184 1184 1195 1207 1207 1207 1207 1207
888 888 888 888 888 899 899 908 908 908 908 918 918 927 927 927 927 937 937 947 947 947 947 947 956 966 966 966 966 966 976 976 987 987 987 987 999 999 1010 1010 1010 1010 1021 1021 1033 1033 1033 1033 1033 1046 1056 1056 1056 1056 1056 1068 1068 1079 1079 1079 1079 1092 1092 1103 1103 1103 1103 1115 1115 1127 1127 1127 1127 1127 1140 0 0 0 0 0 1163 1163 0 0 0 0 1184 1184 1195 1195 1195 1195 1207 1207 1218 1218
888 888 888 888 888 888 908 908 908 908 908 908 927 927 927 927 927 927 947 947 947 947 947 947 947 966 966 966 966 966 966 987 987 987 987 987 987 1010 1010 1010 1010 1010 1010 1033 1033 1033 1033 1033 1033 1033 1056 1056 1056 1056 1056 1056 1079 1079 1079 1079 1079 1079 1103 1103 1103 1103 1103 1103 1127 1127 1127 1127 1127 1127 1127 0 0 0 0 0 0 0 0 0 0 0 0 1195 1195 1195 1195 1195 1195 1218 1218 1218
888 888 888 888 888 888 908 908 908 908 908 908 927 927 927 927 927 927 947 947 947 947 947 947 947 966 966 966 966 966 966 987 987 987 987 987 987 1010 1010 1010 1010 1010 1010 1033 1033 1033 1033 1033 1033 1033 1056 1056 1056 1056 1056 1056 1079 1079 1079 1079 1079 1079 1103 1103 1103 1103 1103 1103 1127 1127 1127 1127 1127 1127 1127 0 0 0 0 0 0 0 0 0 0 0 0 1195 1195 1195 1195 1195 1195 1218 1218 1218
888 888 888 888 888 888 908 908 908 908 908 908 927 927 927 927 927 927 947 947 947 947 947 947 947 966 966 966 966 966 966 987 987 987 987 987 987 1010 1010 1010 1010 1010 1010 1033 1033 1033 1033 1033 1033 1033 1056 1056 1056 1056 1056 1056 1079 1079 1079 1079 1079 1079 1103 1103 1103 1103 1103 1103 1127 1127 1127 1127 1127 1127 1127 0 0 0 0 0 0 0 0 0 0 0 0 1195 1195 1195 1195 1195 1195 1218 1218 1218
888 888 888 888 888 888 908 908 908 908 908 908 927 927 927 927 927 927 947 947 947 947 947 947 947 966 966 966 966 966 966 987 987 987 987 987 987 1010 1010 1010 1010 1010 1010 1033 1033 1033 1033 1033 1033 1033 1056 1056 1056 1056 1056 1056 1079 1079 1079 1079 1079 1079 1103 1103 1103 1103 1103 1103 1127 1127 1127 1127 1127 1127 1127 0 0 0 0 0 0 0 0 0 0 0 0 1195 1195 1195 1195 1195 1195 1218 1218 1218
877 888 888 888 898 898 898 908 908 908 917 917 917 917 927 927 927 936 936 936 947 947 947 955 955 955 966 966 966 975 975 975 987 987 987 998 998 998 998 1010 1010 1010 1020 1020 1020 1033 1033 1033 1045 1045 1045 1056 1056 1056 1067 1067 1067 1079 1079 1079 1091 1091 1091 1091 1103 1103 1103 1114 1114 1114 1127 1127 1127 1139 1139 1139 0 0 0 1162 1162 1162 0 0 0 1183 1183 1183 1183 1195 1195 1195 1206 1206 1206 1218
877 877 877 898 898 898 898 898 898 917 917 917 917 917 917 936 936 936 936 936 936 955 955 955 955 955 955 955 975 975 975 975 975 975 998 998 998 998 998 998 1020 1020 1020 1020 1020 1020 1045 1045 1045 1045 1045 1045 1045 1067 1067 1067 1067 1067 1067 1091 1091 1091 1091 1091 1091 1114 1114 1114 1114 1114 1114 1139 1139 1139 1139 1139 1139 1139 1162 1162 1162 1162 1162 1162 1183 1183 1183 1183 1183 1183 1206 1206 1206 1206 1206 1206
877 877 877 898 898 898 898 898 898 917 917 917 917 917 917 936 936 936 936 936 936 955 955 955 955 955 955 955 975 975 975 975 975 975 998 998 998 998 998 998 1020 1020 1020 1020 1020 1020 1045 1045 1045 1045 1045 1045 1045 1067 1067 1067 1067 1067 1067 1091 1091 1091 1091 1091 1091 1114 1114 1114 1114 1114 1114 1139 1139 1139 1139 1139 1139 1139 1162 1162 1162 1162 1162 1162 1183 1183 1183 1183 1183 1183 1206 1206 1206 1206 1206 1206
877 877 877 898 898 898 898 898 898 917 917 917 917 917 917 936 936 936 936 936 936 955 955 955 955 955 955 955 975 975 975 975 975 975 998 998 998 998 998 998 1020 1020 1020 1020 1020 1020 1045 1045 1045 1045 1045 1045 1045 1067 1067 1067 1067 1067 1067 1091 1091 1091 1091 1091 1091 1114 1114 1114 1114 1114 1114 1139 1139 1139 1139 1139 1139 1139 1162 1162 1162 1162 1162 1162 1183 1183 1183 1183 1183 1183 1206 1206 1206 1206 1206 1206
877 877 877 898 898 898 898 898 898 917 917 917 917 917 917 936 936 936 936 936 936 955 955 955 955 955 955 955 975 975 975 975 975 975 998 998 998 998 998 998 1020 1020 1020 1020 1020 1020 1045 1045 1045 1045 1045 1045 1045 1067 1067 1067 1067 1067 1067 1091 1091 1091 1091 1091 1091 1114 1114 1114 1114 1114 1114 1139 1139 1139 1139 1139 1139 1139 1162 1162 1162 1162 1162 1162 1183 1183 1183 1183 1183 1183 1206 1206 1206 1206 1206 1206
877 877 887 898 898 898 898 898 907 907 917 917 917 917 926 926 936 936 936 936 936 946 955 955 955 955 955 965 975 975 975 975 975 986 986 998 998 998 998 1009 1009 1020 1020 1020 1020 1020 1032 1045 1045 1045 1045 1045 1055 1067 1067 1067 1067 1067 1078 1078 1091 1091 1091 1091 1102 1102 1114 1114 1114 1114 1114 1126 1139 1139 1139 1139 1139 1150 1162 1162 1162 1162 1162 1173 1173 1183 1183 1183 1183 1194 1194 1206 1206 1206 1206 1206
887 887 887 887 887 898 907 907 907 907 907 917 917 926 926 926 926 926 936 946 946 946 946 946 955 965 965 965 965 965 975 986 986 986 986 986 998 998 1009 1009 1009 1009 1009 1020 1032 1032 1032 1032 1032 1045 1055 1055 1055 1055 1055 1067 1078 1078 1078 1078 1078 1091 1091 1102 1102 1102 1102 1102 1114 1126 1126 1126 1126 1126 1139 1150 1150 1150 1150 1150 1162 1173 1173 1173 1173 1173 1183 1183 1194 1194 1194 1194 1194 1206 1217 1217
887 887 887 887 887 887 907 907 907 907 907 907 926 926 926 926 926 926 946 946 946 946 946 946 946 965 965 965 965 965 965 986 986 986 986 986 986 1009 1009 1009 1009 1009 1009 1032 1032 1032 1032 1032 1032 1032 1055 1055 1055 1055 1055 1055 1078 1078 1078 1078 1078 1078 1102 1102 1102 1102 1102 1102 1126 1126 1126 1126 1126 1126 1126 1150 1150 1150 1150 1150 1150 1173 1173 1173 1173 1173 1173 1194 1194 1194 1194 1194 1194 1217 1217 1217
887 887 887 887 887 887 907 907 907 907 907 907 926 926 926 926 926 926 946 946 946 946 946 946 946 965 965 965 965 965 965 986 986 986 986 986 986 1009 1009 1009 1009 1009 1009 1032 1032 1032 1032 1032 1032 1032 1055 1055 1055 1055 1055 1055 1078 1078 1078 1078 1078 1078 1102 1102 1102 1102 1102 1102 1126 1126 1126 1126 1126 1126 1126 1150 1150 1150 1150 1150 1150 1173 1173 1173 1173 1173 1173 1194 1194 1194 1194 1194 1194 1217 1217 1217
887 887 887 887 887 887 907 907 907 907 907 907 926 926 926 926 926 926 946 946 946 946 946 946 946 965 965 965 965 965 965 986 986 986 986 986 986 1009 1009 1009 1009 1009 1009 1032 1032 1032 1032 1032 1032 1032 1055 1055 1055 1055 1055 1055 1078 1078 1078 1078 1078 1078 1102 1102 1102 1102 1102 1102 1126 1126 1126 1126 1126 1126 1126 1150 1150 1150 1150 1150 1150 1173 1173 1173 1173 1173 1173 1194 1194 1194 1194 1194 1194 1217 1217 1217
887 887 887 887 887 887 907 907 907 907 907 907 926 926 926 926 926 926 946 946 946 946 946 946 954 965 965 965 965 965 965 986 986 986 986 986 986 1009 1009 1009 1009 1009 1009 1032 1032 1032 1032 1032 1032 1044 1055 1055 1055 1055 1055 1055 1078 1078 1078 1078 1078 1078 1102 1102 1102 1102 1102 1102 1126 1126 1126 1126 1126 1126 1138 1150 1150 1150 1150 1150 1150 1173 1173 1173 1173 1173 1173 1194 1194 1194 1194 1194 1194 1217 1217 1217
876 887 887 887 897 897 897 897 907 907 916 916 916 916 926 926 935 935 935 935 946 946 946 954 954 954 965 965 965 974 974 974 974 986 986 997 997 997 997 1009 1009 1019 1019 1019 1019 1032 1032 1032 1044 1044 1044 1055 1055 1055 1066 1066 1066 1066 1078 1078 1090 1090 1090 1090 1102 1102 0 0 0 0 1126 1126 1126 1138 1138 1138 1150 1150 1150 1161 1161 1161 1161 1173 1173 1182 1182 1182 1182 1194 1194 1205 1205 1205 1205 1217
876 876 876 897 897 897 897 897 897 916 916 916 916 916 916 935 935 935 935 935 935 954 954 954 954 954 954 954 974 974 974 974 974 974 997 997 997 997 997 997 1019 1019 1019 1019 1019 1019 1044 1044 1044 1044 1044 1044 1044 1066 1066 1066 1066 1066 1066 1090 1090 1090 1090 1090 1090 0 0 0 0 0 0 1138 1138 1138 1138 1138 1138 1138 1161 1161 1161 1161 1161 1161 1182 1182 1182 1182 1182 1182 1205 1205 1205 1205 1205 1205
876 876 876 897 897 897 897 897 897 916 916 916 916 916 916 935 935 935 935 935 935 954 954 954 954 954 954 954 974 974 974 974 974 974 997 997 997 997 997 997 1019 1019 1019 1019 1019 1019 1044 1044 1044 1044 1044 1044 1044 1066 1066 1066 1066 1066 1066 1090 1090 1090 1090 1090 1090 0 0 0 0 0 0 1138 1138 1138 1138 1138 1138 1138 1161 1161 1161 1161 1161 1161 1182 1182 1182 1182 1182 1182 1205 1205 1205 1205 1205 1205
876 876 876 897 897 897 897 897 897 916 916 916 916 916 916 935 935 935 935 935 935 954 954 954 954 954 954 954 974 974 974 974 974 974 997 997 997 997 997 997 1019 1019 1019 1019 1019 1019 1044 1044 1044 1044 1044 1044 1044 1066 1066 1066 1066 1066 1066 1090 1090 1090 1090 1090 1090 0 0 0 0 0 0 1138 1138 1138 1138 1138 1138 1138 1161 1161 1161 1161 1161 1161 1182 1182 1182 1182 1182 1182 1205 1205 1205 1205 1205 1205
876 876 876 897 897 897 897 897 897 916 916 916 916 916 916 935 935 935 935 935 935 954 954 954 954 954 954 954 974 974 974 974 974 974 997 997 997 997 997 997 1019 1019 1019 1019 1019 1019 1044 1044 1044 1044 1044 1044 1044 1066 1066 1066 1066 1066 1066 1090 1090 1090 1090 1090 1090 0 0 0 0 0 0 1138 1138 1138 1138 1138 1138 1138 1161 1161 1161 1161 1161 1161 1182 1182 1182 1182 1182 1182 1205 1205 1205 1205 1205 1205
876 886 886 886 897 897 897 897 906 906 916 916 916 916 925 925 935 935 935 935 945 945 945 954 954 954 964 964 964 974 974 974 974 985 985 997 997 997 997 1008 1008 1019 1019 1019 1019 1031 1031 1031 1044 1044 1044 1054 1054 1054 1066 1066 1066 1066 1077 1077 1090 1090 1090 1090 0 0 0 0 0 0 1125 1125 1125 1138 1138 1138 1149 1149 1149 1161 1161 1161 1161 1172 1172 1182 1182 1182 1182 1193 1193 1205 1205 1205 1205 1216
886 886 886 886 886 886 906 906 906 906 906 906 925 925 925 925 925 925 945 945 945 945 945 945 954 964 964 964 964 964 964 985 985 985 985 985 985 1008 1008 1008 1008 1008 1008 1031 1031 1031 1031 1031 1031 1044 1054 1054 1054 1054 1054 1054 1077 1077 1077 1077 1077 1077 0 0 0 0 0 0 1125 1125 1125 1125 1125 1125 1138 1149 1149 1149 1149 1149 1149 1172 1172 1172 1172 1172 1172 1193 1193 1193 1193 1193 1193 1216 1216 1216
886 886 886 886 886 886 906 906 906 906 906 906 925 925 925 925 925 925 945 945 945 945 945 945 945 964 964 964 964 964 964 985 985 985 985 985 985 1008 1008 1008 1008 1008 1008 1031 1031 1031 1031 1031 1031 1031 1054 1054 1054 1054 1054 1054 1077 1077 1077 1077 1077 1077 0 0 0 0 0 0 1125 1125 1125 1125 1125 1125 1125 1149 1149 1149 1149 1149 1149 1172 1172 1172 1172 1172 1172 1193 1193 1193 1193 1193 1193 1216 1216 1216
886 886 886 886 886 886 906 906 906 906 906 906 925 925 925 925 925 925 945 945 945 945 945 945 945 964 964 964 964 964 964 985 985 985 985 985 985 1008 1008 1008 1008 1008 1008 1031 1031 1031 1031 1031 1031 1031 1054 1054 1054 1054 1054 1054 1077 1077 1077 1077 1077 1077 0 0 0 0 0 0 1125 1125 1125 1125 1125 1125 1125 1149 1149 1149 1149 1149 1149 1172 1172 1172 1172 1172 1172 1193 1193 1193 1193 1193 1193 1216 1216 1216
886 886 886 886 886 886 906 906 906 906 906 906 925 925 925 925 925 925 945 945 945 945 945 945 945 964 964 964 964 964 964 985 985 985 985 985 985 1008 1008 1008 1008 1008 1008 1031 1031 1031 1031 1031 1031 1031 1054 1054 1054 1054 1054 1054 1077 1077 1077 1077 1077 1077 0 0 0 0 0 0 1125 1125 1125 1125 1125 1125 1125 1149 1149 1149 1149 1149 1149 1172 1172 1172 1172 1172 1172 1193 1193 1193 1193 1193 1193 1216 1216 1216
886 886 886 886 886 896 906 906 906 906 906 906 925 925 925 925 925 925 934 945 945 945 945 945 953 964 964 964 964 964 973 985 985 985 985 985 985 1008 1008 1008 1008 1008 1008 1018 1031 1031 1031 1031 1031 1043 1054 1054 1054 1054 1054 1065 1077 1077 1077 1077 1077 1077 0 0 0 0 0 0 1113 1125 1125 1125 1125 1125 1137 1149 1149 1149 1149 1149 1160 1172 1172 1172 1172 1172 1172 1193 1193 1193 1193 1193 1193 1204 1216 1216
875 875 886 886 896 896 896 896 906 906 915 915 915 915 925 925 934 934 934 934 945 945 953 953 953 953 953 964 964 973 973 973 973 985 985 996 996 996 996 1008 1008 1018 1018 1018 1018 1031 1031 1043 1043 1043 1043 1043 1054 1054 1065 1065 1065 1065 1077 1077 1089 1089 1089 1089 0 0 1113 1113 1113 1113 1125 1125 1137 1137 1137 1137 1137 1149 1149 1160 1160 1160 1160 1172 1172 0 0 0 0 1193 1193 1204 1204 1204 1204 1216
875 875 875 896 896 896 896 896 896 915 915 915 915 915 915 934 934 934 934 934 934 953 953 953 953 953 953 953 973 973 973 973 973 973 996 996 996 996 996 996 1018 1018 1018 1018 1018 1018 1043 1043 1043 1043 1043 1043 1043 1065 1065 1065 1065 1065 1065 1089 1089 1089 1089 1089 1089 1113 1113 1113 1113 1113 1113 1137 1137 1137 1137 1137 1137 1137 1160 1160 1160 1160 1160 1160 0 0 0 0 0 0 1204 1204 1204 1204 1204 1204
875 875 875 896 896 896 896 896 896 915 915 915 915 915 915 934 934 934 934 934 934 953 953 953 953 953 953 953 973 973 973 973 973 973 996 996 996 996 996 996 1018 1018 1018 1018 1018 1018 1043 1043 1043 1043 1043 1043 1043 1065 1065 1065 1065 1065 1065 1089 1089 1089 1089 1089 1089 1113 1113 1113 1113 1113 1113 1137 1137 1137 1137 1137 1137 1137 1160 1160 1160 1160 1160 1160 0 0 0 0 0 0 1204 1204 1204 1204 1204 1204
875 875 875 896 896 896 896 896 896 915 915 915 915 915 915 934 934 934 934 934 934 953 953 953 953 953 953 953 973 973 973 973 973 973 996 996 996 996 996 996 1018 1018 1018 1018 1018 1018 1043 1043 1043 1043 1043 1043 1043 1065 1065 1065 1065 1065 1065 1089 1089 1089 1089 1089 1089 1113 1113 1113 1113 1113 1113 1137 1137 1137 1137 1137 1137 1137 1160 1160 1160 1160 1160 1160 0 0 0 0 0 0 1204 1204 1204 1204 1204 1204
875 875 875 896 896 896 896 896 896 915 915 915 915 915 915 934 934 934 934 934 934 953 953 953 953 953 953 953 973 973 973 973 973 973 996 996 996 996 996 996 1018 1018 1018 1018 1018 1018 1043 1043 1043 1043 1043 1043 1043 1065 1065 1065 1065 1065 1065 1089 1089 1089 1089 1089 1089 1113 1113 1113 1113 1113 1113 1137 1137 1137 1137 1137 1137 1137 1160 1160 1160 1160 1160 1160 0 0 0 0 0 0 1204 1204 1204 1204 1204 1204
875 885 885 885 896 896 896 905 905 905 915 915 915 915 924 924 924 934 934 934 944 944 944 953 953 953 963 963 963 973 973 973 984 984 984 996 996 996 996 1007 1007 1007 1018 1018 1018 1030 1030 1030 1043 1043 1043 1053 1053 1053 1065 1065 1065 1076 1076 1076 1089 1089 1089 1089 1101 1101 1101 1113 1113 1113 1124 1124 1124 1137 1137 1137 1148 1148 1148 1160 1160 1160 1171 1171 1171 0 0 0 0 1192 1192 1192 1204 1204 1204 1215
