input/newpatchfromoldpatch.asc
NCOLS 406 
NROWS 256 
XLLCORNER 301413.09 
YLLCORNER 5677998.2720308 
CELLSIZE 160 
NODATA_value -2 
[rows 196 to 244 of 256, columns 288 to 383 of 406]
885 885 885 885 885 885 905 905 905 905 905 905 924 924 924 924 924 924 944 944 944 944 944 944 944 963 963 963 963 963 963 984 984 984 984 984 984 1007 1007 1007 1007 1007 1007 1030 1030 1030 1030 1030 1030 1030 1053 1053 1053 1053 1053 1053 1076 1076 1076 1076 1076 1076 1101 1101 1101 1101 1101 1101 1124 1124 1124 1124 1124 1124 1124 1148 1148 1148 1148 1148 1148 1171 1171 1171 1171 1171 1171 1192 1192 1192 1192 1192 1192 1215 1215 1215
885 885 885 885 885 885 905 905 905 905 905 905 924 924 924 924 924 924 944 944 944 944 944 944 944 963 963 963 963 963 963 984 984 984 984 984 984 1007 1007 1007 1007 1007 1007 1030 1030 1030 1030 1030 1030 1030 1053 1053 1053 1053 1053 1053 1076 1076 1076 1076 1076 1076 1101 1101 1101 1101 1101 1101 1124 1124 1124 1124 1124 1124 1124 1148 1148 1148 1148 1148 1148 1171 1171 1171 1171 1171 1171 1192 1192 1192 1192 1192 1192 1215 1215 1215
885 885 885 885 885 885 905 905 905 905 905 905 924 924 924 924 924 924 944 944 944 944 944 944 944 963 963 963 963 963 963 984 984 984 984 984 984 1007 1007 1007 1007 1007 1007 1030 1030 1030 1030 1030 1030 1030 1053 1053 1053 1053 1053 1053 1076 1076 1076 1076 1076 1076 1101 1101 1101 1101 1101 1101 1124 1124 1124 1124 1124 1124 1124 1148 1148 1148 1148 1148 1148 1171 1171 1171 1171 1171 1171 1192 1192 1192 1192 1192 1192 1215 1215 1215
885 885 885 885 885 885 905 905 905 905 905 905 924 924 924 924 924 924 944 944 944 944 944 944 944 963 963 963 963 963 963 984 984 984 984 984 984 1007 1007 1007 1007 1007 1007 1030 1030 1030 1030 1030 1030 1030 1053 1053 1053 1053 1053 1053 1076 1076 1076 1076 1076 1076 1101 1101 1101 1101 1101 1101 1124 1124 1124 1124 1124 1124 1124 1148 1148 1148 1148 1148 1148 1171 1171 1171 1171 1171 1171 1192 1192 1192 1192 1192 1192 1215 1215 1215
885 885 885 885 885 895 905 905 905 905 905 914 914 924 924 924 924 924 933 944 944 944 944 944 952 963 963 963 963 963 972 984 984 984 984 984 995 995 1007 1007 1007 1007 1007 1017 1030 1030 1030 1030 1030 1042 1053 1053 1053 1053 1053 1064 1076 1076 1076 1076 1076 1088 1088 1101 1101 1101 1101 1101 1112 1124 1124 1124 1124 1124 1136 1148 1148 1148 1148 1148 1159 1171 1171 1171 1171 1171 1181 1181 1192 1192 1192 1192 1192 1203 1215 1215
874 874 885 895 895 895 895 895 905 905 914 914 914 914 924 924 933 933 933 933 933 944 952 952 952 952 952 963 972 972 972 972 972 984 984 995 995 995 995 1007 1007 1017 1017 1017 1017 1017 1030 1042 1042 1042 1042 1042 1053 1064 1064 1064 1064 1064 1076 1076 1088 1088 1088 1088 1101 1101 1112 1112 1112 1112 1112 1124 1136 1136 1136 1136 1136 1148 1159 1159 1159 1159 1159 1171 1171 1181 1181 1181 1181 1192 1192 1203 1203 1203 1203 1203
874 874 874 895 895 895 895 895 895 914 914 914 914 914 914 933 933 933 933 933 933 952 952 952 952 952 952 952 972 972 972 972 972 972 995 995 995 995 995 995 1017 1017 1017 1017 1017 1017 1042 1042 1042 1042 1042 1042 1042 1064 1064 1064 1064 1064 1064 1088 1088 1088 1088 1088 1088 1112 1112 1112 1112 1112 1112 1136 1136 1136 1136 1136 1136 1136 1159 1159 1159 1159 1159 1159 1181 1181 1181 1181 1181 1181 1203 1203 1203 1203 1203 1203
874 874 874 895 895 895 895 895 895 914 914 914 914 914 914 933 933 933 933 933 933 952 952 952 952 952 952 952 972 972 972 972 972 972 995 995 995 995 995 995 1017 1017 1017 1017 1017 1017 1042 1042 1042 1042 1042 1042 1042 1064 1064 1064 1064 1064 1064 1088 1088 1088 1088 1088 1088 1112 1112 1112 1112 1112 1112 1136 1136 1136 1136 1136 1136 1136 1159 1159 1159 1159 1159 1159 1181 1181 1181 1181 1181 1181 1203 1203 1203 1203 1203 1203
874 874 874 895 895 895 895 895 895 914 914 914 914 914 914 933 933 933 933 933 933 952 952 952 952 952 952 952 972 972 972 972 972 972 995 995 995 995 995 995 1017 1017 1017 1017 1017 1017 1042 1042 1042 1042 1042 1042 1042 1064 1064 1064 1064 1064 1064 1088 1088 1088 1088 1088 1088 1112 1112 1112 1112 1112 1112 1136 1136 1136 1136 1136 1136 1136 1159 1159 1159 1159 1159 1159 1181 1181 1181 1181 1181 1181 1203 1203 1203 1203 1203 1203
874 874 874 895 895 895 895 895 895 914 914 914 914 914 914 933 933 933 933 933 933 952 952 952 952 952 952 952 972 972 972 972 972 972 995 995 995 995 995 995 1017 1017 1017 1017 1017 1017 1042 1042 1042 1042 1042 1042 1042 1064 1064 1064 1064 1064 1064 1088 1088 1088 1088 1088 1088 1112 1112 1112 1112 1112 1112 1136 1136 1136 1136 1136 1136 1136 1159 1159 1159 1159 1159 1159 1181 1181 1181 1181 1181 1181 1203 1203 1203 1203 1203 1203
874 0 0 0 895 895 895 0 0 0 0 914 914 0 0 0 0 933 933 933 943 943 943 952 952 952 962 962 962 972 972 972 983 983 983 983 995 995 1006 1006 1006 1006 1017 1017 1017 1029 1029 1029 1042 1042 1042 1052 1052 1052 1064 1064 1064 1075 1075 1075 1075 1088 1088 1100 1100 1100 1100 1112 1112 1112 1123 1123 1123 1136 1136 1136 1147 1147 1147 1159 1159 1159 1170 1170 1170 1170 1181 1181 1191 1191 1191 1191 1203 1203 1203 1214
0 0 0 0 0 0 0 0 0 0 0 0 0 0 0 0 0 0 943 943 943 943 943 943 943 962 962 962 962 962 962 983 983 983 983 983 983 1006 1006 1006 1006 1006 1006 1029 1029 1029 1029 1029 1029 1029 1052 1052 1052 1052 1052 1052 1075 1075 1075 1075 1075 1075 1100 1100 1100 1100 1100 1100 1123 1123 1123 1123 1123 1123 1123 1147 1147 1147 1147 1147 1147 1170 1170 1170 1170 1170 1170 1191 1191 1191 1191 1191 1191 1214 1214 1214
0 0 0 0 0 0 0 0 0 0 0 0 0 0 0 0 0 0 943 943 943 943 943 943 943 962 962 962 962 962 962 983 983 983 983 983 983 1006 1006 1006 1006 1006 1006 1029 1029 1029 1029 1029 1029 1029 1052 1052 1052 1052 1052 1052 1075 1075 1075 1075 1075 1075 1100 1100 1100 1100 1100 1100 1123 1123 1123 1123 1123 1123 1123 1147 1147 1147 1147 1147 1147 1170 1170 1170 1170 1170 1170 1191 1191 1191 1191 1191 1191 1214 1214 1214
0 0 0 0 0 0 0 0 0 0 0 0 0 0 0 0 0 0 943 943 943 943 943 943 943 962 962 962 962 962 962 983 983 983 983 983 983 1006 1006 1006 1006 1006 1006 1029 1029 1029 1029 1029 1029 1029 1052 1052 1052 1052 1052 1052 1075 1075 1075 1075 1075 1075 1100 1100 1100 1100 1100 1100 1123 1123 1123 1123 1123 1123 1123 1147 1147 1147 1147 1147 1147 1170 1170 1170 1170 1170 1170 1191 1191 1191 1191 1191 1191 1214 1214 1214
0 0 0 0 0 0 0 0 0 0 0 0 0 0 0 0 0 0 943 943 943 943 943 943 943 962 962 962 962 962 962 983 983 983 983 983 983 1006 1006 1006 1006 1006 1006 1029 1029 1029 1029 1029 1029 1029 1052 1052 1052 1052 1052 1052 1075 1075 1075 1075 1075 1075 1100 1100 1100 1100 1100 1100 1123 1123 1123 1123 1123 1123 1123 1147 1147 1147 1147 1147 1147 1170 1170 1170 1170 1170 1170 1191 1191 1191 1191 1191 1191 1214 1214 1214
0 0 0 0 0 0 0 0 0 0 0 0 0 0 0 0 0 0 0 943 943 943 943 0 0 0 962 962 962 962 971 971 983 983 983 983 994 994 1006 1006 1006 1006 1016 1016 1029 1029 1029 1029 1041 1041 1041 1052 1052 1052 1052 1063 1063 1075 1075 1075 1075 1087 1087 1100 1100 1100 1100 1111 1111 1123 1123 1123 1123 1135 1135 1135 1147 1147 1147 1147 1158 1158 1170 1170 1170 1170 1180 1180 1191 1191 1191 1191 1202 1202 1214 1214
0 0 0 0 0 0 0 0 0 0 0 0 0 0 0 0 0 0 0 0 0 943 0 0 0 0 0 962 971 971 971 971 971 971 994 994 994 994 994 994 1016 1016 1016 1016 1016 1016 1029 1041 1041 1041 1041 1041 1052 1063 1063 1063 1063 1063 1063 1087 1087 1087 1087 1087 1087 1111 1111 1111 1111 1111 1111 1123 1135 1135 1135 1135 1135 1147 1158 1158 1158 1158 1158 1158 1180 1180 1180 1180 1180 1180 1202 1202 1202 1202 1202 1202
0 0 0 0 0 0 0 0 0 0 0 0 0 0 0 0 0 0 0 0 0 0 0 0 0 0 0 0 971 971 971 971 971 971 994 994 994 994 994 994 1016 1016 1016 1016 1016 1016 1041 1041 1041 1041 1041 1041 1041 1063 1063 1063 1063 1063 1063 1087 1087 1087 1087 1087 1087 1111 1111 1111 1111 1111 1111 1135 1135 1135 1135 1135 1135 1135 1158 1158 1158 1158 1158 1158 1180 1180 1180 1180 1180 1180 1202 1202 1202 1202 1202 1202
0 0 0 0 0 0 0 0 0 0 0 0 0 0 0 0 0 0 0 0 0 0 0 0 0 0 0 0 971 971 971 971 971 971 994 994 994 994 994 994 1016 1016 1016 1016 1016 1016 1041 1041 1041 1041 1041 1041 1041 1063 1063 1063 1063 1063 1063 1087 1087 1087 1087 1087 1087 1111 1111 1111 1111 1111 1111 1135 1135 1135 1135 1135 1135 1135 1158 1158 1158 1158 1158 1158 1180 1180 1180 1180 1180 1180 1202 1202 1202 1202 1202 1202
0 0 0 0 0 0 0 0 0 0 0 0 0 0 0 0 0 0 0 0 0 0 0 0 0 0 0 0 971 971 971 971 971 971 994 994 994 994 994 994 1016 1016 1016 1016 1016 1016 1041 1041 1041 1041 1041 1041 1041 1063 1063 1063 1063 1063 1063 1087 1087 1087 1087 1087 1087 1111 1111 1111 1111 1111 1111 1135 1135 1135 1135 1135 1135 1135 1158 1158 1158 1158 1158 1158 1180 1180 1180 1180 1180 1180 1202 1202 1202 1202 1202 1202
0 0 0 0 0 0 0 0 0 0 0 0 0 0 0 0 0 0 0 0 0 0 0 0 0 0 0 0 971 971 971 971 971 971 994 994 994 994 994 994 1016 1016 1016 1016 1016 1016 1028 1041 1041 1041 1041 1041 1051 1063 1063 1063 1063 1063 1063 1087 1087 1087 1087 1087 1087 1111 1111 1111 1111 1111 1111 1122 1135 1135 1135 1135 1135 1146 1158 1158 1158 1158 1158 1158 1180 1180 1180 1180 1180 1180 1202 1202 1202 1202 1202 1202
0 0 0 0 0 0 0 0 0 0 0 0 0 0 0 0 0 0 0 0 0 0 0 0 0 0 0 0 0 0 971 971 982 982 982 982 994 994 1005 1005 1005 1005 1016 1016 1028 1028 1028 1028 1041 1041 1041 1051 1051 1051 1051 1063 1063 1074 1074 1074 1074 1087 1087 1099 1099 1099 1099 1111 1111 1122 1122 1122 1122 1135 1135 1135 1146 1146 1146 1146 1158 1158 1169 1169 1169 1169 1180 1180 1190 1190 1190 1190 1202 1202 1213 1213
0 0 0 0 0 0 0 0 0 0 0 0 0 0 0 0 0 0 0 0 0 0 0 0 0 0 0 0 0 0 0 982 982 982 982 982 982 1005 1005 1005 1005 1005 1005 1028 1028 1028 1028 1028 1028 1028 1051 1051 1051 1051 1051 1051 1074 1074 1074 1074 1074 1074 1099 1099 1099 1099 1099 1099 1122 1122 1122 1122 1122 1122 1122 1146 1146 1146 1146 1146 1146 1169 1169 1169 1169 1169 1169 1190 1190 1190 1190 1190 1190 1213 1213 1213
0 0 0 0 0 0 0 0 0 0 0 0 0 0 0 0 0 0 0 0 0 0 0 0 0 0 0 0 0 0 0 982 982 982 982 982 982 1005 1005 1005 1005 1005 1005 1028 1028 1028 1028 1028 1028 1028 1051 1051 1051 1051 1051 1051 1074 1074 1074 1074 1074 1074 1099 1099 1099 1099 1099 1099 1122 1122 1122 1122 1122 1122 1122 1146 1146 1146 1146 1146 1146 1169 1169 1169 1169 1169 1169 1190 1190 1190 1190 1190 1190 1213 1213 1213
0 0 0 0 0 0 0 0 0 0 0 0 0 0 0 0 0 0 0 0 0 0 0 0 0 0 0 0 0 0 0 982 982 982 982 982 982 1005 1005 1005 1005 1005 1005 1028 1028 1028 1028 1028 1028 1028 1051 1051 1051 1051 1051 1051 1074 1074 1074 1074 1074 1074 1099 1099 1099 1099 1099 1099 1122 1122 1122 1122 1122 1122 1122 1146 1146 1146 1146 1146 1146 1169 1169 1169 1169 1169 1169 1190 1190 1190 1190 1190 1190 1213 1213 1213
0 0 0 0 0 0 0 0 0 0 0 0 0 0 0 0 0 0 0 0 0 0 0 0 0 0 0 0 0 0 0 982 982 982 982 982 982 1005 1005 1005 1005 1005 1005 1028 1028 1028 1028 1028 1028 1028 1051 1051 1051 1051 1051 1051 1074 1074 1074 1074 1074 1074 1099 1099 1099 1099 1099 1099 1122 1122 1122 1122 1122 1122 1122 1146 1146 1146 1146 1146 1146 1169 1169 1169 1169 1169 1169 1190 1190 1190 1190 1190 1190 1213 1213 1213
0 0 0 0 0 0 0 0 0 0 0 0 0 0 0 0 0 0 0 0 0 0 0 0 0 0 0 0 0 0 0 0 982 982 982 982 993 993 1005 1005 1005 1005 0 0 0 1028 1028 1028 1040 1040 1040 1051 1051 1051 0 0 0 1074 1074 1074 1074 1086 1086 1099 1099 1099 1099 1110 1110 1110 1122 1122 1122 1134 1134 1134 1146 1146 1146 1157 1157 1157 1169 1169 1169 1169 1179 1179 1190 1190 1190 1190 1201 1201 1201 1213
0 0 0 0 0 0 0 0 0 0 0 0 0 0 0 0 0 0 0 0 0 0 0 0 0 0 0 0 0 0 0 0 0 0 993 993 993 993 993 993 0 0 0 0 0 0 1040 1040 1040 1040 1040 1040 1040 0 0 0 0 0 0 1086 1086 1086 1086 1086 1086 1110 1110 1110 1110 1110 1110 1134 1134 1134 1134 1134 1134 1134 1157 1157 1157 1157 1157 1157 1179 1179 1179 1179 1179 1179 1201 1201 1201 1201 1201 1201
0 0 0 0 0 0 0 0 0 0 0 0 0 0 0 0 0 0 0 0 0 0 0 0 0 0 0 0 0 0 0 0 0 0 993 993 993 993 993 993 0 0 0 0 0 0 1040 1040 1040 1040 1040 1040 1040 0 0 0 0 0 0 1086 1086 1086 1086 1086 1086 1110 1110 1110 1110 1110 1110 1134 1134 1134 1134 1134 1134 1134 1157 1157 1157 1157 1157 1157 1179 1179 1179 1179 1179 1179 1201 1201 1201 1201 1201 1201
0 0 0 0 0 0 0 0 0 0 0 0 0 0 0 0 0 0 0 0 0 0 0 0 0 0 0 0 0 0 0 0 0 0 993 993 993 993 993 993 0 0 0 0 0 0 1040 1040 1040 1040 1040 1040 1040 0 0 0 0 0 0 1086 1086 1086 1086 1086 1086 1110 1110 1110 1110 1110 1110 1134 1134 1134 1134 1134 1134 1134 1157 1157 1157 1157 1157 1157 1179 1179 1179 1179 1179 1179 1201 1201 1201 1201 1201 1201
0 0 0 0 0 0 0 0 0 0 0 0 0 0 0 0 0 0 0 0 0 0 0 0 0 0 0 0 0 0 0 0 0 0 993 993 993 993 993 993 0 0 0 0 0 0 1040 1040 1040 1040 1040 1040 1040 0 0 0 0 0 0 1086 1086 1086 1086 1086 1086 1110 1110 1110 1110 1110 1110 1134 1134 1134 1134 1134 1134 1134 1157 1157 1157 1157 1157 1157 1179 1179 1179 1179 1179 1179 1201 1201 1201 1201 1201 1201
0 0 0 0 0 0 0 0 0 0 0 0 0 0 0 0 0 0 0 0 0 0 0 0 0 0 0 0 0 0 0 0 0 0 0 993 993 993 993 1004 1004 0 0 0 0 0 1027 1040 1040 1040 1040 1040 0 0 0 0 0 0 1073 1073 1086 1086 1086 1086 1098 1098 1110 1110 1110 1110 1110 1121 1134 1134 1134 1134 1134 1145 1157 1157 1157 1157 1157 1168 1168 1179 1179 1179 1179 1189 1189 1201 1201 1201 1201 1201
0 0 0 0 0 0 0 0 0 0 0 0 0 0 0 0 0 0 0 0 0 0 0 0 0 0 0 0 0 0 0 0 0 0 0 0 993 993 1004 1004 1004 1004 0 0 1027 1027 1027 1027 1027 1040 0 0 0 0 0 0 0 1073 1073 1073 1073 1086 1086 1098 1098 1098 1098 1110 1110 1121 1121 1121 1121 1121 1134 1145 1145 1145 1145 1145 1157 1157 1168 1168 1168 1168 1179 1179 1189 1189 1189 1189 1201 1201 1212 1212
0 0 0 0 0 0 0 0 0 0 0 0 0 0 0 0 0 0 0 0 0 0 0 0 0 0 0 0 0 0 0 0 0 0 0 0 0 1004 1004 1004 1004 1004 1004 1027 1027 1027 1027 1027 1027 1027 0 0 0 0 0 0 1073 1073 1073 1073 1073 1073 1098 1098 1098 1098 1098 1098 1121 1121 1121 1121 1121 1121 1121 1145 1145 1145 1145 1145 1145 1168 1168 1168 1168 1168 1168 1189 1189 1189 1189 1189 1189 1212 1212 1212
0 0 0 0 0 0 0 0 0 0 0 0 0 0 0 0 0 0 0 0 0 0 0 0 0 0 0 0 0 0 0 0 0 0 0 0 0 1004 1004 1004 1004 1004 1004 1027 1027 1027 1027 1027 1027 1027 0 0 0 0 0 0 1073 1073 1073 1073 1073 1073 1098 1098 1098 1098 1098 1098 1121 1121 1121 1121 1121 1121 1121 1145 1145 1145 1145 1145 1145 1168 1168 1168 1168 1168 1168 1189 1189 1189 1189 1189 1189 1212 1212 1212
0 0 0 0 0 0 0 0 0 0 0 0 0 0 0 0 0 0 0 0 0 0 0 0 0 0 0 0 0 0 0 0 0 0 0 0 0 1004 1004 1004 1004 1004 1004 1027 1027 1027 1027 1027 1027 1027 0 0 0 0 0 0 1073 1073 1073 1073 1073 1073 1098 1098 1098 1098 1098 1098 1121 1121 1121 1121 1121 1121 1121 1145 1145 1145 1145 1145 1145 1168 1168 1168 1168 1168 1168 1189 1189 1189 1189 1189 1189 1212 1212 1212
0 0 0 0 0 0 0 0 0 0 0 0 0 0 0 0 0 0 0 0 0 0 0 0 0 0 0 0 0 0 0 0 0 0 0 0 0 1004 1004 1004 1004 1004 1004 1027 1027 1027 1027 1027 1027 1027 0 0 0 0 0 0 1073 1073 1073 1073 1073 1073 1098 1098 1098 1098 1098 1098 1121 1121 1121 1121 1121 1121 1121 1145 1145 1145 1145 1145 1145 1168 1168 1168 1168 1168 1168 1189 1189 1189 1189 1189 1189 1212 1212 1212
0 0 0 0 0 0 0 0 0 0 0 0 0 0 0 0 0 0 0 0 0 0 0 0 0 0 0 0 0 0 0 0 0 0 0 0 0 0 0 1004 1004 1004 1015 1015 1015 1027 1027 1027 1039 1039 1039 0 0 0 1062 1062 1062 1073 1073 1073 1085 1085 1085 1085 1098 1098 1098 1109 1109 1109 1121 1121 1121 1133 1133 1133 1145 1145 1145 1156 1156 1156 1168 1168 1168 1178 1178 1178 1178 1189 1189 1189 1200 1200 1200 1212
0 0 0 0 0 0 0 0 0 0 0 0 0 0 0 0 0 0 0 0 0 0 0 0 0 0 0 0 0 0 0 0 0 0 0 0 0 0 0 0 1015 1015 1015 1015 1015 1015 1039 1039 1039 1039 1039 1039 1039 1062 1062 1062 1062 1062 1062 1085 1085 1085 1085 1085 1085 1109 1109 1109 1109 1109 1109 1133 1133 1133 1133 1133 1133 1133 1156 1156 1156 1156 1156 1156 1178 1178 1178 1178 1178 1178 1200 1200 1200 1200 1200 1200
0 0 0 0 0 0 0 0 0 0 0 0 0 0 0 0 0 0 0 0 0 0 0 0 0 0 0 0 0 0 0 0 0 0 0 0 0 0 0 0 1015 1015 1015 1015 1015 1015 1039 1039 1039 1039 1039 1039 1039 1062 1062 1062 1062 1062 1062 1085 1085 1085 1085 1085 1085 1109 1109 1109 1109 1109 1109 1133 1133 1133 1133 1133 1133 1133 1156 1156 1156 1156 1156 1156 1178 1178 1178 1178 1178 1178 1200 1200 1200 1200 1200 1200
0 0 0 0 0 0 0 0 0 0 0 0 0 0 0 0 0 0 0 0 0 0 0 0 0 0 0 0 0 0 0 0 0 0 0 0 0 0 0 0 1015 1015 1015 1015 1015 1015 1039 1039 1039 1039 1039 1039 1039 1062 1062 1062 1062 1062 1062 1085 1085 1085 1085 1085 1085 1109 1109 1109 1109 1109 1109 1133 1133 1133 1133 1133 1133 1133 1156 1156 1156 1156 1156 1156 1178 1178 1178 1178 1178 1178 1200 1200 1200 1200 1200 1200
0 0 0 0 0 0 0 0 0 0 0 0 0 0 0 0 0 0 0 0 0 0 0 0 0 0 0 0 0 0 0 0 0 0 0 0 0 0 0 0 1015 1015 1015 1015 1015 1015 1039 1039 1039 1039 1039 1039 1039 1062 1062 1062 1062 1062 1062 1085 1085 1085 1085 1085 1085 1109 1109 1109 1109 1109 1109 1133 1133 1133 1133 1133 1133 1133 1156 1156 1156 1156 1156 1156 1178 1178 1178 1178 1178 1178 1200 1200 1200 1200 1200 1200
0 0 0 0 0 0 0 0 0 0 0 0 0 0 0 0 0 0 0 0 0 0 0 0 0 0 0 0 0 0 0 0 0 0 0 0 0 0 0 0 0 1015 1015 1015 1015 1026 1026 1039 1039 1039 1039 1039 1050 1050 1062 1062 1062 1062 1072 1072 1085 1085 1085 1085 1097 1097 1109 1109 1109 1109 1120 1120 1133 1133 1133 1133 1133 1144 1144 1156 1156 1156 1156 1167 1167 1178 1178 1178 1178 1188 1188 1200 1200 1200 1200 1211
0 0 0 0 0 0 0 0 0 0 0 0 0 0 0 0 0 0 0 0 0 0 0 0 0 0 0 0 0 0 0 0 0 0 0 0 0 0 0 0 0 0 0 1015 1026 1026 1026 1026 1026 1039 1050 1050 1050 1050 1050 1062 1072 1072 1072 1072 1072 1072 1097 1097 1097 1097 1097 1097 1109 1120 1120 1120 1120 1120 1133 1144 1144 1144 1144 1144 1156 1167 1167 1167 1167 1167 1167 1188 1188 1188 1188 1188 1188 1200 1211 1211
0 0 0 0 0 0 0 0 0 0 0 0 0 0 0 0 0 0 0 0 0 0 0 0 0 0 0 0 0 0 0 0 0 0 0 0 0 0 0 0 0 0 0 1026 1026 1026 1026 1026 1026 1026 1050 1050 1050 1050 1050 1050 1072 1072 1072 1072 1072 1072 1097 1097 1097 1097 1097 1097 1120 1120 1120 1120 1120 1120 1120 1144 1144 1144 1144 1144 1144 1167 1167 1167 1167 1167 1167 1188 1188 1188 1188 1188 1188 1211 1211 1211
0 0 0 0 0 0 0 0 0 0 0 0 0 0 0 0 0 0 0 0 0 0 0 0 0 0 0 0 0 0 0 0 0 0 0 0 0 0 0 0 0 0 0 1026 1026 1026 1026 1026 1026 1026 1050 1050 1050 1050 1050 1050 1072 1072 1072 1072 1072 1072 1097 1097 1097 1097 1097 1097 1120 1120 1120 1120 1120 1120 1120 1144 1144 1144 1144 1144 1144 1167 1167 1167 1167 1167 1167 1188 1188 1188 1188 1188 1188 1211 1211 1211
0 0 0 0 0 0 0 0 0 0 0 0 0 0 0 0 0 0 0 0 0 0 0 0 0 0 0 0 0 0 0 0 0 0 0 0 0 0 0 0 0 0 0 1026 1026 1026 1026 1026 1026 1026 1050 1050 1050 1050 1050 1050 1072 1072 1072 1072 1072 1072 1097 1097 1097 1097 1097 1097 1120 1120 1120 1120 1120 1120 1120 1144 1144 1144 1144 1144 1144 1167 1167 1167 1167 1167 1167 1188 1188 1188 1188 1188 1188 1211 1211 1211
0 0 0 0 0 0 0 0 0 0 0 0 0 0 0 0 0 0 0 0 0 0 0 0 0 0 0 0 0 0 0 0 0 0 0 0 0 0 0 0 0 0 0 1026 1026 1026 1026 1026 1026 1038 1050 1050 1050 1050 1050 1050 1072 1072 1072 1072 1072 1072 1097 1097 1097 1097 1097 1097 1120 1120 1120 1120 1120 1120 1132 1144 1144 1144 1144 1144 1144 1167 1167 1167 1167 1167 1167 1188 1188 1188 1188 1188 1188 1211 1211 1211
0 0 0 0 0 0 0 0 0 0 0 0 0 0 0 0 0 0 0 0 0 0 0 0 0 0 0 0 0 0 0 0 0 0 0 0 0 0 0 0 0 0 0 0 0 1026 1026 1026 1038 1038 1038 1050 1050 1050 1061 1061 1061 1061 1072 1072 1084 1084 1084 1084 1097 1097 1108 1108 1108 1108 1120 1120 1120 1132 1132 1132 1144 1144 1144 1155 1155 1155 1155 1167 1167 0 0 0 0 1188 1188 0 0 0 0 1211
