input/newpatchfromoldpatch.asc
NCOLS 406 
NROWS 256 
XLLCORNER 301413.09 
YLLCORNER 5677998.2720308 
CELLSIZE 160 
NODATA_value -2 
[rows 98 to 146 of 256, columns 96 to 191 of 406]
197 197 197 206 206 215 215 215 215 225 225 235 235 235 235 235 246 255 255 255 255 255 265 265 274 274 274 274 284 284 293 293 293 293 302 302 310 310 310 310 310 320 331 331 331 331 331 342 342 353 353 353 353 365 365 378 378 378 378 392 392 403 403 403 403 403 418 432 432 432 432 432 445 445 456 456 456 456 467 467 478 478 478 478 488 488 498 498 498 498 498 509 520 520 520 520
197 197 197 197 215 215 215 215 215 215 235 235 235 235 235 235 235 255 255 255 255 255 255 274 274 274 274 274 274 293 293 293 293 293 293 310 310 310 310 310 310 310 331 331 331 331 331 331 353 353 353 353 353 353 378 378 378 378 378 378 403 403 403 403 403 403 403 432 432 432 432 432 432 456 456 456 456 456 456 478 478 478 478 478 478 498 498 498 498 498 498 498 520 520 520 520
197 197 197 197 215 215 215 215 215 215 235 235 235 235 235 235 235 255 255 255 255 255 255 274 274 274 274 274 274 293 293 293 293 293 293 310 310 310 310 310 310 310 331 331 331 331 331 331 353 353 353 353 353 353 378 378 378 378 378 378 403 403 403 403 403 403 403 432 432 432 432 432 432 456 456 456 456 456 456 478 478 478 478 478 478 498 498 498 498 498 498 498 520 520 520 520
197 197 197 197 215 215 215 215 215 215 235 235 235 235 235 235 235 255 255 255 255 255 255 274 274 274 274 274 274 293 293 293 293 293 293 310 310 310 310 310 310 310 331 331 331 331 331 331 353 353 353 353 353 353 378 378 378 378 378 378 403 403 403 403 403 403 403 432 432 432 432 432 432 456 456 456 456 456 456 478 478 478 478 478 478 498 498 498 498 498 498 498 520 520 520 520
197 197 197 197 215 215 215 215 215 215 235 235 235 235 235 235 235 255 255 255 255 255 255 274 274 274 274 274 274 293 293 293 293 293 293 310 310 310 310 310 310 310 331 331 331 331 331 331 353 353 353 353 353 353 378 378 378 378 378 378 403 403 403 403 403 403 403 432 432 432 432 432 432 456 456 456 456 456 456 478 478 478 478 478 478 498 498 498 498 498 498 498 520 520 520 520
197 197 197 0 0 215 215 215 215 0 0 0 235 235 235 245 245 245 255 255 255 264 264 264 274 274 274 274 283 283 293 293 293 293 301 301 301 310 310 310 319 319 319 331 331 331 341 341 341 353 353 353 353 364 364 378 378 378 378 391 391 391 403 403 403 417 417 417 432 432 432 444 444 444 456 456 456 456 466 466 478 478 478 478 487 487 487 498 498 498 508 508 508 520 520 520
188 0 0 0 0 0 0 0 0 0 0 0 0 245 245 245 245 245 245 245 264 264 264 264 264 264 283 283 283 283 283 283 301 301 301 301 301 301 319 319 319 319 319 319 319 341 341 341 341 341 341 364 364 364 364 364 364 391 391 391 391 391 391 417 417 417 417 417 417 417 444 444 444 444 444 444 466 466 466 466 466 466 487 487 487 487 487 487 508 508 508 508 508 508 508 531
188 0 0 0 0 0 0 0 0 0 0 0 0 245 245 245 245 245 245 245 264 264 264 264 264 264 283 283 283 283 283 283 301 301 301 301 301 301 319 319 319 319 319 319 319 341 341 341 341 341 341 364 364 364 364 364 364 391 391 391 391 391 391 417 417 417 417 417 417 417 444 444 444 444 444 444 466 466 466 466 466 466 487 487 487 487 487 487 508 508 508 508 508 508 508 531
188 0 0 0 0 0 0 0 0 0 0 0 0 245 245 245 245 245 245 245 264 264 264 264 264 264 283 283 283 283 283 283 301 301 301 301 301 301 319 319 319 319 319 319 319 341 341 341 341 341 341 364 364 364 364 364 364 391 391 391 391 391 391 417 417 417 417 417 417 417 444 444 444 444 444 444 466 466 466 466 466 466 487 487 487 487 487 487 508 508 508 508 508 508 508 531
188 0 0 0 0 0 0 0 0 0 0 0 0 245 245 245 245 245 245 245 264 264 264 264 264 264 283 283 283 283 283 283 301 301 301 301 301 301 319 319 319 319 319 319 319 341 341 341 341 341 341 364 364 364 364 364 364 391 391 391 391 391 391 417 417 417 417 417 417 417 444 444 444 444 444 444 466 466 466 466 466 466 487 487 487 487 487 487 508 508 508 508 508 508 508 531
196 196 0 0 0 0 0 0 0 0 0 0 0 234 245 245 245 245 245 254 264 264 264 264 264 273 273 283 283 283 283 292 292 301 301 301 301 301 0 319 319 319 319 319 330 341 341 341 341 341 352 352 364 364 364 364 377 377 391 391 391 391 391 402 417 417 417 417 417 431 444 444 444 444 444 455 455 466 466 466 466 477 477 487 487 487 487 487 497 508 508 508 508 508 519 531
196 196 196 0 0 0 0 0 0 0 0 234 234 234 234 234 245 254 254 254 254 254 264 273 273 273 273 273 283 283 292 292 292 292 292 301 0 0 0 0 0 319 330 330 330 330 330 341 352 352 352 352 352 364 364 377 377 377 377 377 391 402 402 402 402 402 417 431 431 431 431 431 444 455 455 455 455 455 466 466 477 477 477 477 477 487 497 497 497 497 497 508 519 519 519 519
196 196 196 196 0 0 0 0 0 0 234 234 234 234 234 234 234 254 254 254 254 254 254 273 273 273 273 273 273 292 292 292 292 292 292 0 0 0 0 0 0 330 330 330 330 330 330 330 352 352 352 352 352 352 377 377 377 377 377 377 402 402 402 402 402 402 402 431 431 431 431 431 431 455 455 455 455 455 455 477 477 477 477 477 477 497 497 497 497 497 497 497 519 519 519 519
196 196 196 196 0 0 0 0 0 0 234 234 234 234 234 234 234 254 254 254 254 254 254 273 273 273 273 273 273 292 292 292 292 292 292 0 0 0 0 0 0 330 330 330 330 330 330 330 352 352 352 352 352 352 377 377 377 377 377 377 402 402 402 402 402 402 402 431 431 431 431 431 431 455 455 455 455 455 455 477 477 477 477 477 477 497 497 497 497 497 497 497 519 519 519 519
196 196 196 196 0 0 0 0 0 0 234 234 234 234 234 234 234 254 254 254 254 254 254 273 273 273 273 273 273 292 292 292 292 292 292 0 0 0 0 0 0 330 330 330 330 330 330 330 352 352 352 352 352 352 377 377 377 377 377 377 402 402 402 402 402 402 402 431 431 431 431 431 431 455 455 455 455 455 455 477 477 477 477 477 477 497 497 497 497 497 497 497 519 519 519 519
196 196 196 196 0 0 0 0 0 0 234 234 234 234 234 234 244 254 254 254 254 254 254 273 273 273 273 273 273 292 292 292 292 292 292 0 0 0 0 0 0 0 330 330 330 330 330 330 352 352 352 352 352 352 377 377 377 377 377 377 402 402 402 402 402 402 416 431 431 431 431 431 431 455 455 455 455 455 455 477 477 477 477 477 477 497 497 497 497 497 497 507 519 519 519 519
196 196 205 205 205 205 0 0 224 224 224 224 234 234 234 244 244 244 254 254 254 263 263 263 263 273 273 282 282 282 282 292 292 0 0 0 0 0 0 0 0 0 0 330 330 330 0 0 0 0 352 352 363 363 363 363 377 377 390 390 390 390 402 402 402 416 416 416 431 431 431 443 443 443 443 455 455 465 465 465 465 477 477 486 486 486 486 497 497 497 507 507 507 519 519 519
187 205 205 205 205 205 205 224 224 224 224 224 224 244 244 244 244 244 244 244 263 263 263 263 263 263 282 282 282 282 282 282 0 0 0 0 0 0 0 0 0 0 0 0 0 0 0 0 0 0 0 363 363 363 363 363 363 390 390 390 390 390 390 416 416 416 416 416 416 416 443 443 443 443 443 443 465 465 465 465 465 465 486 486 486 486 486 486 507 507 507 507 507 507 507 530
187 205 205 205 205 205 205 224 224 224 224 224 224 244 244 244 244 244 244 244 263 263 263 263 263 263 282 282 282 282 282 282 0 0 0 0 0 0 0 0 0 0 0 0 0 0 0 0 0 0 0 363 363 363 363 363 363 390 390 390 390 390 390 416 416 416 416 416 416 416 443 443 443 443 443 443 465 465 465 465 465 465 486 486 486 486 486 486 507 507 507 507 507 507 507 530
187 205 205 205 205 205 205 224 224 224 224 224 224 244 244 244 244 244 244 244 263 263 263 263 263 263 282 282 282 282 282 282 0 0 0 0 0 0 0 0 0 0 0 0 0 0 0 0 0 0 0 363 363 363 363 363 363 390 390 390 390 390 390 416 416 416 416 416 416 416 443 443 443 443 443 443 465 465 465 465 465 465 486 486 486 486 486 486 507 507 507 507 507 507 507 530
187 205 205 205 205 205 205 224 224 224 224 224 224 244 244 244 244 244 244 244 263 263 263 263 263 263 282 282 282 282 282 282 0 0 0 0 0 0 0 0 0 0 0 0 0 0 0 0 0 0 0 363 363 363 363 363 363 390 390 390 390 390 390 416 416 416 416 416 416 416 443 443 443 443 443 443 465 465 465 465 465 465 486 486 486 486 486 486 507 507 507 507 507 507 507 530
195 195 205 205 205 205 0 0 224 224 224 224 233 233 244 244 244 244 244 0 0 263 263 263 263 0 0 282 282 282 282 0 0 0 0 0 0 309 309 0 0 0 0 0 329 329 0 0 0 0 351 351 363 363 363 363 376 376 390 390 390 390 401 401 416 416 416 416 416 430 430 443 443 443 443 454 454 465 465 465 465 476 476 486 486 486 486 496 496 507 507 507 507 507 518 518
195 195 195 195 0 0 0 0 0 0 224 233 233 233 233 233 244 0 0 0 0 0 263 0 0 0 0 0 0 0 0 0 0 0 0 0 309 309 309 309 309 0 329 329 329 329 329 0 351 351 351 351 351 351 376 376 376 376 376 376 390 401 401 401 401 401 416 430 430 430 430 430 443 454 454 454 454 454 454 476 476 476 476 476 476 486 496 496 496 496 496 507 518 518 518 518
195 195 195 195 0 0 0 0 0 0 233 233 233 233 233 233 233 0 0 0 0 0 0 0 0 0 0 0 0 0 0 0 0 0 0 309 309 309 309 309 309 309 329 329 329 329 329 329 351 351 351 351 351 351 376 376 376 376 376 376 401 401 401 401 401 401 401 430 430 430 430 430 430 454 454 454 454 454 454 476 476 476 476 476 476 496 496 496 496 496 496 496 518 518 518 518
195 195 195 195 0 0 0 0 0 0 233 233 233 233 233 233 233 0 0 0 0 0 0 0 0 0 0 0 0 0 0 0 0 0 0 309 309 309 309 309 309 309 329 329 329 329 329 329 351 351 351 351 351 351 376 376 376 376 376 376 401 401 401 401 401 401 401 430 430 430 430 430 430 454 454 454 454 454 454 476 476 476 476 476 476 496 496 496 496 496 496 496 518 518 518 518
195 195 195 195 0 0 0 0 0 0 233 233 233 233 233 233 233 0 0 0 0 0 0 0 0 0 0 0 0 0 0 0 0 0 0 309 309 309 309 309 309 309 329 329 329 329 329 329 351 351 351 351 351 351 376 376 376 376 376 376 401 401 401 401 401 401 401 430 430 430 430 430 430 454 454 454 454 454 454 476 476 476 476 476 476 496 496 496 496 496 496 496 518 518 518 518
195 195 195 195 0 0 0 0 0 0 0 233 233 233 233 233 0 0 0 0 0 0 0 0 0 0 0 0 0 0 0 0 0 0 0 0 309 309 309 309 309 318 329 329 329 329 329 340 351 351 351 351 351 351 376 376 376 376 376 376 389 401 401 401 401 401 415 430 430 430 430 430 442 454 454 454 454 454 454 476 476 476 476 476 476 485 496 496 496 496 496 506 518 518 518 518
195 195 0 0 0 0 0 0 0 0 0 0 233 233 0 0 0 0 0 0 0 0 0 0 0 0 0 0 0 0 0 0 0 0 0 0 0 309 309 318 318 318 318 318 329 329 340 340 340 340 351 351 362 362 362 362 376 376 389 389 389 389 401 401 415 415 415 415 415 430 430 442 442 442 442 454 454 464 464 464 464 476 476 485 485 485 485 496 496 506 506 506 506 506 518 518
0 0 0 0 0 0 0 0 0 0 0 0 0 0 0 0 0 0 0 0 0 0 0 0 0 0 0 0 0 0 0 0 0 0 0 0 0 0 318 318 318 318 318 318 318 340 340 340 340 340 340 362 362 362 362 362 362 389 389 389 389 389 389 415 415 415 415 415 415 415 442 442 442 442 442 442 464 464 464 464 464 464 485 485 485 485 485 485 506 506 506 506 506 506 506 529
0 0 0 0 0 0 0 0 0 0 0 0 0 0 0 0 0 0 0 0 0 0 0 0 0 0 0 0 0 0 0 0 0 0 0 0 0 0 318 318 318 318 318 318 318 340 340 340 340 340 340 362 362 362 362 362 362 389 389 389 389 389 389 415 415 415 415 415 415 415 442 442 442 442 442 442 464 464 464 464 464 464 485 485 485 485 485 485 506 506 506 506 506 506 506 529
0 0 0 0 0 0 0 0 0 0 0 0 0 0 0 0 0 0 0 0 0 0 0 0 0 0 0 0 0 0 0 0 0 0 0 0 0 0 318 318 318 318 318 318 318 340 340 340 340 340 340 362 362 362 362 362 362 389 389 389 389 389 389 415 415 415 415 415 415 415 442 442 442 442 442 442 464 464 464 464 464 464 485 485 485 485 485 485 506 506 506 506 506 506 506 529
0 0 0 0 0 0 0 0 0 0 0 0 0 0 0 0 0 0 0 0 0 0 0 0 0 0 0 0 0 0 0 0 0 0 0 0 0 0 318 318 318 318 318 318 318 340 340 340 340 340 340 362 362 362 362 362 362 389 389 389 389 389 389 415 415 415 415 415 415 415 442 442 442 442 442 442 464 464 464 464 464 464 485 485 485 485 485 485 506 506 506 506 506 506 506 529
0 0 0 0 0 0 0 0 0 0 0 0 0 0 0 0 0 0 0 0 0 0 0 0 0 0 0 0 0 0 0 0 0 0 0 0 0 0 0 0 318 318 318 328 328 328 340 340 340 350 350 350 362 362 362 362 375 375 375 389 389 389 400 400 400 415 415 415 429 429 429 442 442 442 453 453 453 464 464 464 464 475 475 475 485 485 485 495 495 495 506 506 506 517 517 517
0 0 0 0 0 0 0 0 0 0 0 0 0 0 0 0 0 0 0 0 0 0 0 0 0 0 0 0 0 0 0 0 0 0 0 0 0 0 0 0 0 318 328 328 328 328 328 328 350 350 350 350 350 350 375 375 375 375 375 375 400 400 400 400 400 400 415 429 429 429 429 429 429 453 453 453 453 453 453 475 475 475 475 475 475 495 495 495 495 495 495 506 517 517 517 517
0 0 0 0 0 0 0 0 0 0 0 0 0 0 0 0 0 0 0 0 0 0 0 0 0 0 0 0 0 0 0 0 0 0 0 0 0 0 0 0 0 328 328 328 328 328 328 328 350 350 350 350 350 350 375 375 375 375 375 375 400 400 400 400 400 400 400 429 429 429 429 429 429 453 453 453 453 453 453 475 475 475 475 475 475 495 495 495 495 495 495 495 517 517 517 517
0 0 0 0 0 0 0 0 0 0 0 0 0 0 0 0 0 0 0 0 0 0 0 0 0 0 0 0 0 0 0 0 0 0 0 0 0 0 0 0 0 328 328 328 328 328 328 328 350 350 350 350 350 350 375 375 375 375 375 375 400 400 400 400 400 400 400 429 429 429 429 429 429 453 453 453 453 453 453 475 475 475 475 475 475 495 495 495 495 495 495 495 517 517 517 517
0 0 0 0 0 0 0 0 0 0 0 0 0 0 0 0 0 0 0 0 0 0 0 0 0 0 0 0 0 0 0 0 0 0 0 0 0 0 0 0 0 328 328 328 328 328 328 328 350 350 350 350 350 350 375 375 375 375 375 375 400 400 400 400 400 400 400 429 429 429 429 429 429 453 453 453 453 453 453 475 475 475 475 475 475 495 495 495 495 495 495 495 517 517 517 517
0 0 0 0 0 0 0 0 0 0 0 0 0 0 0 0 0 0 0 0 0 0 0 0 0 0 0 0 0 0 0 0 0 0 0 0 0 0 0 0 0 317 328 328 328 328 328 339 350 350 350 350 350 361 361 375 375 375 375 375 388 400 400 400 400 400 414 429 429 429 429 429 441 453 453 453 453 453 463 463 475 475 475 475 475 484 495 495 495 495 495 505 517 517 517 517
0 0 0 0 0 0 0 0 0 0 0 0 0 0 0 0 0 0 0 0 0 0 0 0 0 0 0 0 0 0 0 0 0 0 0 0 0 0 0 317 317 317 317 317 328 339 339 339 339 339 350 350 361 361 361 361 375 375 388 388 388 388 388 400 414 414 414 414 414 429 441 441 441 441 441 453 453 463 463 463 463 475 475 484 484 484 484 484 495 505 505 505 505 505 517 528
0 0 0 0 0 0 0 0 0 0 0 0 0 0 0 0 0 0 0 0 0 0 0 0 0 0 0 0 0 0 0 0 0 0 0 0 0 0 317 317 317 317 317 317 317 339 339 339 339 339 339 361 361 361 361 361 361 388 388 388 388 388 388 414 414 414 414 414 414 414 441 441 441 441 441 441 463 463 463 463 463 463 484 484 484 484 484 484 505 505 505 505 505 505 505 528
0 0 0 0 0 0 0 0 0 0 0 0 0 0 0 0 0 0 0 0 0 0 0 0 0 0 0 0 0 0 0 0 0 0 0 0 0 0 317 317 317 317 317 317 317 339 339 339 339 339 339 361 361 361 361 361 361 388 388 388 388 388 388 414 414 414 414 414 414 414 441 441 441 441 441 441 463 463 463 463 463 463 484 484 484 484 484 484 505 505 505 505 505 505 505 528
0 0 0 0 0 0 0 0 0 0 0 0 0 0 0 0 0 0 0 0 0 0 0 0 0 0 0 0 0 0 0 0 0 0 0 0 0 0 317 317 317 317 317 317 317 339 339 339 339 339 339 361 361 361 361 361 361 388 388 388 388 388 388 414 414 414 414 414 414 414 441 441 441 441 441 441 463 463 463 463 463 463 484 484 484 484 484 484 505 505 505 505 505 505 505 528
0 0 0 0 0 0 0 0 0 0 0 0 0 0 0 0 0 0 0 0 0 0 0 0 0 0 0 0 0 0 0 0 0 0 0 0 0 0 317 317 317 317 317 317 317 339 339 339 339 339 339 361 361 361 361 361 361 388 388 388 388 388 388 414 414 414 414 414 414 414 441 441 441 441 441 441 463 463 463 463 463 463 484 484 484 484 484 484 505 505 505 505 505 505 505 528
0 0 0 0 0 0 0 0 0 0 0 0 0 0 0 0 0 0 0 0 0 0 0 0 0 0 0 0 0 0 0 0 0 0 0 0 0 0 0 0 317 317 317 327 327 327 339 339 339 0 0 0 0 361 361 0 0 0 0 388 388 388 0 0 0 414 414 414 428 428 428 441 441 441 452 452 452 452 463 463 474 474 474 474 484 484 484 494 494 494 505 505 505 516 516 516
0 0 0 0 0 0 0 0 0 0 0 0 0 0 0 0 0 0 0 0 0 0 0 0 0 0 0 0 0 0 0 0 0 0 0 0 0 0 0 0 0 327 327 327 327 327 327 327 0 0 0 0 0 0 0 0 0 0 0 0 0 0 0 0 0 0 0 428 428 428 428 428 428 452 452 452 452 452 452 474 474 474 474 474 474 494 494 494 494 494 494 494 516 516 516 516
0 0 0 0 0 0 0 0 0 0 0 0 0 0 0 0 0 0 0 0 0 0 0 0 0 0 0 0 0 0 0 0 0 0 0 0 0 0 0 0 0 327 327 327 327 327 327 327 0 0 0 0 0 0 0 0 0 0 0 0 0 0 0 0 0 0 0 428 428 428 428 428 428 452 452 452 452 452 452 474 474 474 474 474 474 494 494 494 494 494 494 494 516 516 516 516
0 0 0 0 0 0 0 0 0 0 0 0 0 0 0 0 0 0 0 0 0 0 0 0 0 0 0 0 0 0 0 0 0 0 0 0 0 0 0 0 0 327 327 327 327 327 327 327 0 0 0 0 0 0 0 0 0 0 0 0 0 0 0 0 0 0 0 428 428 428 428 428 428 452 452 452 452 452 452 474 474 474 474 474 474 494 494 494 494 494 494 494 516 516 516 516
0 0 0 0 0 0 0 0 0 0 0 0 0 0 0 0 0 0 0 0 0 0 0 0 0 0 0 0 0 0 0 0 0 0 0 0 0 0 0 0 0 327 327 327 327 327 327 327 0 0 0 0 0 0 0 0 0 0 0 0 0 0 0 0 0 0 0 428 428 428 428 428 428 452 452 452 452 452 452 474 474 474 474 474 474 494 494 494 494 494 494 494 516 516 516 516
0 0 0 0 0 0 0 0 0 0 0 0 0 0 0 0 0 0 0 0 0 0 0 0 0 0 0 0 0 0 0 0 0 0 0 0 0 0 0 0 0 0 327 327 327 327 327 0 0 0 0 0 0 0 0 0 0 0 0 0 0 0 0 0 0 0 0 428 428 428 428 428 440 440 452 452 452 452 462 462 474 474 474 474 483 483 494 494 494 494 494 504 516 516 516 516
